,tau,Accuracy,Precision,Recall,F1,tn,fp,fn,tp,Accuracy_PA,Precision_PA,Recall_PA,F1_PA,tn_PA,fp_PA,fn_PA,tp_PA
Q90.000,0.0128100789152086,0.852666813359738,0.4489648195629044,0.9431518393668474,0.6083426883308716,332150,63185,3103,51481,0.8565764059752978,0.4572901009233412,0.9753773999706874,0.622657287043372,332150,63185,1344,53240
Q91.000,0.014810760775581,0.8681407097722035,0.4777492070046359,0.9326542576579218,0.631840240284966,339685,55650,3676,50908,0.8733238649623599,0.4889337863899348,0.9753773999706874,0.6513574024003818,339685,55650,1344,53240
Q92.000,0.0174801521748304,0.8842702797614682,0.51274540607928,0.9268100542283452,0.6602282589544982,347261,48074,3995,50589,0.8898935141658831,0.5249276135701086,0.9731606331525722,0.6819877132054155,347261,48074,1465,53119
Q93.000,0.0217355258576571,0.9011355377301248,0.5560561504743938,0.9180162685035907,0.6925963551925031,355329,40006,4475,50109,0.9078256308357726,0.5704053691275168,0.9731606331525722,0.7192385027317226,355329,40006,1465,53119
Q94.000,0.0294961227849129,0.9156292577108324,0.6023821841204149,0.8959585226439982,0.7204095160933932,363054,32281,5679,48905,0.9249953880587396,0.6220023419203747,0.9731606331525722,0.7589295919533661,363054,32281,1465,53119
Q95.000,0.0425837770104411,0.9239552008250372,0.6402467571810195,0.8518247105378866,0.731034699621087,369209,26126,8088,46496,0.9370731176056134,0.667286434720595,0.9599516341785138,0.7873005379090664,369209,26126,2186,52398
Q96.000,0.0614533540606498,0.9308164358473414,0.6783720894864113,0.8171808588597391,0.7413347515726667,374187,21148,9979,44605,0.9481373313863162,0.7124520708128246,0.9599516341785138,0.817888082416296,374187,21148,2186,52398
Q97.000,0.090866241231561,0.9364041082950486,0.7230610667353775,0.7711600469001906,0.7463364036915221,379213,16122,12491,42093,0.9593082310371422,0.7647110332749563,0.9599516341785138,0.8512802183519625,379213,16122,2186,52398
Q98.000,0.1509855201840402,0.9473282968712146,0.8099137066024483,0.7393741755825883,0.7730380983393033,385863,9472,14226,40358,0.9732507406888796,0.8459662075358171,0.9530448483071964,0.8963188228503493,385863,9472,2563,52021
Q99.000,0.2887880259752282,0.9546296111077772,0.9036358052399064,0.7007547999413748,0.7893677834759011,391256,4079,16334,38250,0.9821901275562934,0.9254691297118528,0.9279275978308662,0.9266967332339248,391256,4079,3934,50650
Q99.100,0.3265721215903759,0.95558089344971,0.9165041531238716,0.6974021691338121,0.79208065002757,391867,3468,16517,38067,0.9835481497780711,0.9359178092316788,0.9279275978308662,0.9319055767143198,391867,3468,3934,50650
Q99.200,0.3772119693756104,0.9564254899215192,0.9291164707902936,0.6937564121354243,0.7943696835569167,392446,2889,16716,37868,0.9826813270833196,0.945044702301693,0.910175142899018,0.927282229314818,392446,2889,4903,49681
Q99.300,0.3986077880561351,0.95664108428406,0.933058422638155,0.692272460794372,0.7948297259207842,392624,2711,16797,37787,0.9830769538516934,0.9482554588486792,0.910175142899018,0.9288251570445708,392624,2711,4903,49681
Q99.400,0.4412521050572396,0.957074495631436,0.9405680881361014,0.6897625677854317,0.7958737171424647,392956,2379,16934,37650,0.9838148644533794,0.9543027276219748,0.910175142899018,0.931716739807209,392956,2379,4903,49681
Q99.500,0.4652183344960214,0.9572345244366208,0.9439740723061076,0.6883518979920856,0.7961477745876021,393105,2230,17011,37573,0.9841460351752204,0.9570418601067212,0.910175142899018,0.9330203295929388,393105,2230,4903,49681
Q99.600,0.5371934030056,0.9577079429852928,0.9531504893964112,0.6850725487322292,0.7971774537392343,393497,1838,17190,37394,0.979718571565104,0.9625928564159968,0.8664993404660707,0.912021905340391,393497,1838,7287,47297
Q99.700,0.6958277280926711,0.956545511525408,0.964222298783558,0.6665506375494651,0.788218854598828,393985,1350,18201,36383,0.9755644904971784,0.9708360337005832,0.8233181884801407,0.8910125503102881,393985,1350,9644,44940
Q99.800,1.2076626770496373,0.955403083666171,0.9785134048629016,0.6465997361864283,0.778661489415684,394560,775,19290,35294,0.9760267959343794,0.9829099409014732,0.8165946064780888,0.8920666052915983,394560,775,10011,44573
Q99.900,1.7993706235885636,0.9548163113804928,0.9876989663714798,0.6354792613219992,0.7733743576023098,394903,432,19897,34687,0.9715215405439646,0.989867479770142,0.7731752894621134,0.8682047747868216,394903,432,12381,42203
Q99.910,1.8473922206997848,0.9548407602257296,0.9882865937072504,0.6352960574527334,0.7734186814167187,394924,411,19907,34677,0.9715682156121436,0.990355282301591,0.7731752894621134,0.8683923537521349,394924,411,12381,42203
Q99.920,1.8958708993911568,0.9548674316932604,0.9887361697273868,0.6352227759050271,0.77350198545487,394940,395,19911,34673,0.9716037775688512,0.990727264190807,0.7731752894621134,0.8685353254717952,394940,395,12381,42203
Q99.930,1.9452909237742224,0.95488299004932,0.9891009729236212,0.6351128535834677,0.7735320696618433,394953,382,19917,34667,0.9710570124844694,0.9909748145348012,0.7684303092481313,0.8656279021772778,394953,382,12640,41944
Q99.940,1.998138490652996,0.9549074388945564,0.9895232657721952,0.6350395720357614,0.7736068025085366,394968,367,19921,34663,0.9710903518188828,0.991326132684172,0.7684303092481313,0.8657619072191548,394968,367,12640,41944
Q99.950,2.158966286540033,0.9541539699368108,0.9903821159344944,0.62820606771215,0.7687737509388276,395002,333,20294,34290,0.9702746494368988,0.9920479510937052,0.761083834090576,0.8613518556914783,395002,333,13041,41543
Q99.960,2.5123707129477246,0.9541784187820476,0.9914351851851853,0.6277297376520592,0.768733734182895,395039,296,20320,34264,0.9681831618580232,0.9927559286361076,0.7431664956763887,0.85001833516685,395039,296,14019,40565
Q99.970,3.118272755813545,0.9541539699368108,0.9918025664050052,0.6272900483658215,0.7685142581390911,395052,283,20344,34240,0.9672274342715022,0.9929959163469868,0.7350505642679174,0.8447714998578782,395052,283,14462,40122
Q99.980,4.722744796561799,0.9542139807387552,0.9931793115458292,0.6269053202403635,0.7686381095711944,395100,235,20365,34219,0.963597892065016,0.9939238804426518,0.70425399384435,0.8243834441346772,395100,235,16143,38441
Q99.990,9.075223480891696,0.9492530877780224,0.9959700093720713,0.5840722556060384,0.7363327713236483,395206,129,22703,31881,0.9627910801722088,0.9966142620928584,0.6956617323757878,0.819377461293629,395206,129,16612,37972
Q100.000,18.428874969473544,0.8786826073137609,0.5135135135135135,0.0003480873516048,0.0006957031178484,395317,18,54565,19,0.8802428881643141,0.9756427604871448,0.0132089989740583,0.0260651085443667,395317,18,53863,721
Q_off_f1_best,6.95352029800415,0.9527070428232638,0.994859146558897,0.6133482339147003,0.7588512625232331,395162,173,21105,33479,0.9626932847912624,0.9954646742692358,0.6956617323757878,0.8189886658973999,395162,173,16612,37972
