,tau,Accuracy,Precision,Recall,F1,ROC_AUC,tn,fp,fn,tp,Accuracy_PA,Precision_PA,Recall_PA,F1_PA,tn_PA,fp_PA,fn_PA,tp_PA
Q90.000,0.0128100744448602,0.3172015407217743,0.1464400479213552,0.9584493624505348,0.2540622966423527,0.8462509161769071,90399,304936,2268,52316,0.3192552437216476,0.1486420083981059,0.9753773999706874,0.2579707335982169,90399,304936,1344,53240
Q91.000,0.0148107624705881,0.3244228405557445,0.1476825439882905,0.9575150227172798,0.2558967893557903,0.8484628654795893,93699,301636,2319,52265,0.3265898972926238,0.1500242338168825,0.9753773999706874,0.260049821716407,93699,301636,1344,53240
Q92.000,0.0174801621586084,0.3328488016731901,0.1491273188629427,0.9561043529239336,0.2580115686953083,0.8497842145644197,97567,297768,2396,52188,0.3351870003267255,0.1516774546449083,0.9753773999706874,0.2625298329355608,97567,297768,1344,53240
Q93.000,0.0217355194129049,0.3397144819400825,0.1503585940000749,0.9552249743514584,0.2598198602234929,0.8568478106627173,100704,294631,2444,52140,0.3421593664637412,0.1530452380336389,0.9753773999706874,0.26457616379471,100704,294631,1344,53240
Q94.000,0.029496150016785,0.5353608093901346,0.1929520462442453,0.88916165909424,0.3170934084242024,0.867602011460453,192335,203000,6050,48534,0.5458204699068054,0.2077739619107087,0.9753773999706874,0.3425732890639075,192335,203000,1344,53240
Q95.000,0.0425837520509961,0.7279643669193788,0.287878977464683,0.8429942840392789,0.4291910345020567,0.8840899867617567,281511,113824,8570,46014,0.7424225249433787,0.3157271421099776,0.962168400996629,0.4754421143635681,281511,113824,2065,52519
Q96.000,0.0614533685147762,0.7934628233081955,0.3510323337659007,0.8276051590209585,0.492969504509666,0.8884071755489389,311820,83515,9410,45174,0.8097879840593529,0.3860725994971845,0.962168400996629,0.5510392512774239,311820,83515,2065,52519
Q97.000,0.090866219326854,0.5449180852553459,0.1847768588101935,0.806316869412282,0.300655112817395,0.8388671695618863,201157,194178,10572,44012,0.5638259331124047,0.2128886853103199,0.962168400996629,0.3486379824814708,201157,194178,2065,52519
Q98.000,0.1509856832027437,0.9233728737839476,0.6805480731243041,0.6942877033562949,0.6873492336991022,0.8876115408421402,377546,17789,16687,37897,0.9556475721185368,0.7466207073368752,0.9603180419170452,0.8400926348855285,377546,17789,2166,52418
Q99.000,0.2887879952788361,0.9455679800141804,0.836381114191183,0.6854206360838341,0.7534133472955011,0.8920109593353057,388016,7319,17171,37413,0.9749888313229714,0.8737428625644741,0.9279275978308662,0.9000204348173749,388016,7319,3934,50650
Q99.100,0.3265721102058888,0.9500221150918275,0.877020296936666,0.6839550051297083,0.76854825428195,0.89056885351248,390100,5235,17251,37333,0.9796207761841575,0.906325489845218,0.9279275978308662,0.9169993391811276,390100,5235,3934,50650
Q99.200,0.3772121183872224,0.9522514052529456,0.8996643403926493,0.6825443353363623,0.7762070941194854,0.8915196105757366,391180,4155,17328,37256,0.9797074584536328,0.9227178037348412,0.9088560750403047,0.9157344851773912,391180,4155,4975,49609
Q99.300,0.3986077284514904,0.9527159333124406,0.9048174614748918,0.6819947237285652,0.7777615276936256,0.8913884157795063,391419,3916,17358,37226,0.980238665181955,0.926837926202709,0.9088560750403047,0.91775892848884,391419,3916,4975,49609
Q99.400,0.4412522242665292,0.9537027776110812,0.9155668275386584,0.6812069470907226,0.7811882852220682,0.8918424880303948,391906,3429,17401,37183,0.9801208662003604,0.9346832260276582,0.898963066099956,0.916475224594236,391906,3429,5515,49069
Q99.500,0.4652181577682497,0.9541873092712244,0.9209665427509294,0.680803898578338,0.7828807381970632,0.8916362786098769,392146,3189,17423,37161,0.9780516048444275,0.9375770744024898,0.8775098930089403,0.9065495736767892,392146,3189,6686,47898
Q99.600,0.5371933808326722,0.9564077089431652,0.9455472034654095,0.6798329180712297,0.790970808598621,0.8932499856374023,393198,2137,17476,37108,0.9752977758218702,0.9552404490616622,0.8355378865601641,0.8913884762723789,393198,2137,8977,45607
Q99.700,0.695827704429627,0.9557542579886602,0.95918853783204,0.6635277737065807,0.7844232914243635,0.8914892989745731,393794,1541,18366,36218,0.9743242672569952,0.9665828164982436,0.8165946064780888,0.8852807404317861,393794,1541,10011,44573
Q99.800,1.2076626536846164,0.9548896579162028,0.974929358967256,0.6447493771068445,0.7761849099049426,0.8900772976299156,394430,905,19391,35193,0.9757378550361288,0.980100268261577,0.8165946064780888,0.8909076372648957,394430,905,10011,44573
Q99.900,1.7993713855743425,0.95374945267926,0.9848410898337688,0.6284442327421955,0.7672761840854443,0.8898817785966872,394807,528,20281,34303,0.9718015909530382,0.987707494237888,0.7772424153598124,0.8699262843843875,394807,528,12159,42425
Q99.910,1.847392544305322,0.9537694562799082,0.9852907377614342,0.6283159900337095,0.7673169858600324,0.8896830392978929,394823,512,20288,34296,0.9709458813697576,0.9879631371073914,0.769895940202257,0.8654036243822076,394823,512,12560,42024
Q99.920,1.8958708703994571,0.9537916825028504,0.985713464413016,0.6282243880990767,0.7673768070536633,0.8901057521216758,394838,497,20293,34291,0.9709792207041712,0.9883116577691023,0.769895940202257,0.8655373049791463,394838,497,12560,42024
Q99.930,1.94529084212778,0.9538139087257927,0.98613667740451,0.6281327861644438,0.7674366550273078,0.8894060500714528,394853,482,20298,34286,0.9710125600385848,0.9886604244106716,0.769895940202257,0.8656710268822742,394853,482,12560,42024
Q99.940,1.998137712979275,0.9538227992149698,0.9863060989643267,0.6280961453905907,0.7674606017191977,0.8893873572848416,394859,476,20300,34284,0.97040133890767,0.9887254553636988,0.7647479114758904,0.8624319494230551,394859,476,12841,41743
Q99.950,2.1589661912918103,0.9538850326392084,0.9873538053811144,0.6279312619082515,0.7676543707585838,0.8884753846106963,394896,439,20309,34275,0.9694144946090296,0.9894726745161988,0.7559358053642093,0.8570805421405203,394896,439,13322,41262
Q99.960,2.5123711229323136,0.9540161673545684,0.9897130638310168,0.6274915726220138,0.768037133791526,0.8883258623373016,394979,356,20333,34251,0.9680498045203692,0.9913003103540968,0.7431664956763887,0.8494843201926601,394979,356,14019,40565
Q99.970,3.118272536325401,0.9540806234011012,0.9909975105656228,0.6271984464311886,0.7682037473353529,0.887529448190919,395024,311,20349,34235,0.9671652008472637,0.9923082630524572,0.7350505642679174,0.8445225591209994,395024,311,14462,40122
Q99.980,4.72274449129065,0.9541339663361628,0.992114113417604,0.62692364062729,0.7683326597512236,0.88759798796825,395063,272,20364,34220,0.9635156550401296,0.992973936403792,0.70425399384435,0.8240565077119307,395063,272,16143,38441
Q99.990,9.075223175620549,0.950715573247629,0.9952931108258452,0.596585079876887,0.7460081097798447,0.8893954126755818,395181,154,22020,32564,0.961706440492622,0.9959111063908876,0.687179393228785,0.8132296985267813,395181,154,17075,37509
Q100.000,18.428876876822176,0.949259755644905,0.997555701795619,0.5831928770335629,0.7360656685357535,0.8892446182142398,395257,78,22751,31833,0.9582991605155596,0.997832008449608,0.6577018906639308,0.7928270135376868,395257,78,18684,35900
Q_off_f1_best,6.95352029800415,0.9507466899597484,0.9950833689610944,0.596969808002345,0.7462498568647659,0.8892905855240985,395174,161,21999,32585,0.9616908821365624,0.9957260419431908,0.687179393228785,0.813167992715763,395174,161,17075,37509
