,tau,Accuracy,Precision,Recall,F1,ROC_AUC,tn,fp,fn,tp,Accuracy_PA,Precision_PA,Recall_PA,F1_PA,tn_PA,fp_PA,fn_PA,tp_PA
Q90.000,0.0128100744448602,0.2963533436018483,0.1430790021469751,0.9620767990619962,0.249110556625523,,80821,314514,2070,52514,0.3004363007563583,0.1473465902159326,0.9957313498461088,0.2567062385316768,80821,314514,233,54351
Q91.000,0.0148107624705881,0.3029900937724346,0.1441743918321143,0.9613439835849332,0.2507442431656257,,83847,311488,2110,52474,0.3046926224498187,0.1459717926783795,0.9753773999706874,0.2539397870797878,83847,311488,1344,53240
Q92.000,0.0174801621586084,0.309864664528504,0.145301988307984,0.960336362303972,0.2524130658275209,,86995,308340,2165,52419,0.3116894374320711,0.1472426572266165,0.9753773999706874,0.2558606703126652,86995,308340,1344,53240
Q93.000,0.0217355194129049,0.3165458671449749,0.1464102069405182,0.9592921002491572,0.2540469600192129,,90058,305277,2222,52362,0.3184973295193135,0.1485006289799368,0.9753773999706874,0.2577577880469909,90058,305277,1344,53240
Q94.000,0.029496150016785,0.3258942165145281,0.1477738469861465,0.9558112267331086,0.2559728385794224,,94454,300881,2412,52172,0.3282679771247713,0.1503440914263768,0.9753773999706874,0.2605302112770825,94454,300881,1344,53240
Q95.000,0.0425837520509961,0.3389143379141578,0.1487577487033667,0.942144218085886,0.2569456415022221,,101058,294277,3158,51426,0.3429461747559005,0.1532011383615765,0.9753773999706874,0.2648090902534438,101058,294277,1344,53240
Q96.000,0.0614533685147762,0.3509942900833261,0.1499858470538283,0.9319214421808588,0.2583863299266513,,107051,288284,3716,50868,0.3546638394911084,0.1541036904017863,0.962168400996629,0.2656587090622605,107051,288284,2065,52519
Q97.000,0.090866219326854,0.3584156259237774,0.1493638196585268,0.913381210611168,0.2567428734747266,,111402,283933,4728,49856,0.3643344690933257,0.1560965605792208,0.962168400996629,0.268614654405221,111402,283933,2065,52519
Q98.000,0.1509856832027437,0.3742829264823223,0.1513837853780831,0.9027004250329766,0.259285180546639,,119124,276211,5311,49273,0.3808841146962008,0.1590572804715424,0.9571119742048952,0.2727823349119408,119124,276211,2341,52243
Q99.000,0.2887879952788361,0.4118763599670162,0.1593616193071234,0.9000439689286238,0.2707791348824904,,136183,259152,5456,49128,0.4157526132481624,0.1640905220241013,0.9319947237285652,0.2790503773916096,136183,259152,3712,50872
Q99.100,0.3265721102058888,0.4191376670022826,0.1609929659446785,0.8994210757731204,0.2731017525707244,,139484,255851,5490,49094,0.4230894894414327,0.1658564894057504,0.9319947237285652,0.2815998582922556,139484,255851,3712,50872
Q99.200,0.3772121183872224,0.431077593966914,0.163832791931386,0.8990363476476623,0.277158550188498,,144877,250458,5511,49073,0.4341225865100162,0.16763985496891,0.9241352777370658,0.2837981912035669,144877,250458,4141,50443
Q99.300,0.3986077284514904,0.43602959643847,0.165049294803443,0.8989447457130295,0.2788929086015852,,147110,248225,5516,49068,0.4390857020930434,0.1688932192266999,0.9241352777370658,0.2855921551753422,147110,248225,4141,50443
Q99.400,0.4412522242665292,0.4447556115656373,0.1672467335021833,0.8988531437783966,0.2820190779471232,,151041,244294,5521,49063,0.4478228303316819,0.1711458011718922,0.9241352777370658,0.2888059979216824,151041,244294,4141,50443
Q99.500,0.4652181577682497,0.4487585543175549,0.168261645057282,0.898706580682984,0.2834533288647998,,152850,242485,5529,49055,0.4518435540619533,0.1722027255844439,0.9241352777370658,0.290309399387647,152850,242485,4141,50443
Q99.600,0.5371933808326722,0.4581424656438159,0.1707020780396115,0.898450095266012,0.2868951719054388,,157086,238249,5543,49041,0.4612585821003336,0.174729469469192,0.9241352777370658,0.2938917955231359,157086,238249,4141,50443
Q99.700,0.695827704429627,0.4685376701139538,0.1731963290794008,0.8958302799355122,0.2902725052016705,,161906,233429,5686,48898,0.4711203572198551,0.1765853348807184,0.9171185695441888,0.2961490565647064,161906,233429,4524,50060
Q99.800,1.2076626536846164,0.5168419204345671,0.1793901247794303,0.8344020225707167,0.295294224435281,,186992,208343,9039,45545,0.5268770600930389,0.1937284009860566,0.9171185695441888,0.3198854904516801,186992,208343,4524,50060
Q99.900,1.7993713855743425,0.6822716977944919,0.2462701994969507,0.7856697933460355,0.3749967209101004,,264082,131253,11699,42885,0.6948917471811593,0.2700705165280064,0.8896929503151106,0.4143600682593857,264082,131253,6021,48563
Q99.910,1.847392544305322,0.7052336087162356,0.2604154514027472,0.7769859299428404,0.3900884369696886,,274887,120448,12173,42411,0.7189071810703704,0.2873363272213051,0.8896929503151106,0.4343835953397885,274887,120448,6021,48563
Q99.920,1.8958708703994571,0.7274664995254702,0.2761450381679389,0.7687783965997362,0.4063347277093501,,285338,109997,12621,41963,0.7421358066674224,0.3062752270433905,0.8896929503151106,0.4556825432571407,285338,109997,6021,48563
Q99.930,1.94529084212778,0.7495904818422872,0.2944303654099359,0.7619998534369046,0.4247434260913965,,295662,99673,12991,41593,0.7650821592331064,0.3276059796540651,0.8896929503151106,0.4788778226999308,295662,99673,6021,48563
Q99.940,1.998137712979275,0.7732458509198322,0.3177700776754227,0.7577312032830134,0.4477620019378481,,306538,88797,13224,41360,0.7892553993052083,0.353545428072219,0.8896929503151106,0.5060121702163131,306538,88797,6021,48563
Q99.950,2.1589661912918103,0.8340167896888107,0.4002660234457977,0.7387512824270849,0.5192143027290813,,334916,60419,14260,40324,0.8521044899192965,0.4450914300934047,0.8878425912355269,0.5929342672743402,334916,60419,6122,48462
Q99.960,2.5123711229323136,0.9117752306526286,0.6256624919825811,0.6791001025941668,0.6512870069401739,,373157,22178,17516,37068,0.9368308517755418,0.6855031977197634,0.8856258244174117,0.772819196981687,373157,22178,6243,48341
Q99.970,3.118272536325401,0.9450678899979774,0.8672207332366175,0.646141726513264,0.7405331065688219,,389935,5400,19315,35269,0.9672096532931485,0.8933459738105114,0.8286494210757731,0.8597823504253196,389935,5400,9353,45231
Q99.980,4.72274449129065,0.9531893518611128,0.979598844029872,0.6272167668181152,0.7647682977226273,,394622,713,20348,34236,0.9645914042305392,0.9822101349834078,0.7212003517514289,0.8317082703907545,394622,713,15218,39366
Q99.990,9.075223175620549,0.950308833367784,0.9938398357289528,0.5940935072548732,0.7436506025477854,,395134,201,22156,32428,0.962631051367024,0.994734498205538,0.6956617323757878,0.8187414426943519,395134,201,16612,37972
Q100.000,18.428876876822176,0.8786537132239358,0.38,0.0003480873516048,0.0006955375773327,,395304,31,54565,19,0.880213994074489,0.9587765957446808,0.0132089989740583,0.0260589851091513,395304,31,53863,721
Q_off_f1_best,6.95352029800415,0.953456066536421,0.9921877285894022,0.6212443206800528,0.7640743119162695,0.8425840993183027,395068,267,20674,33910,0.964513612450241,0.9931804250102166,0.7123882456397479,0.8296705641375779,395068,267,15699,38885
