,tau,Accuracy,Precision,Recall,F1,tn,fp,fn,tp,Accuracy_PA,Precision_PA,Recall_PA,F1_PA,tn_PA,fp_PA,fn_PA,tp_PA
80.0,1.1724920272827148,0.1009803921568627,0.0297872340425531,0.8484848484848485,0.0575539568345323,75,912,5,28,0.1058823529411764,0.0349206349206349,1.0,0.0674846625766871,75,912,0,33
81.0,1.2377538263797772,0.1068627450980392,0.0299785867237687,0.8484848484848485,0.0579110651499482,81,906,5,28,0.1117647058823529,0.0351437699680511,1.0,0.0679012345679012,81,906,0,33
82.0,1.2804364442825324,0.1078431372549019,0.030010718113612,0.8484848484848485,0.0579710144927536,82,905,5,28,0.1127450980392156,0.0351812366737739,1.0,0.0679711637487126,82,905,0,33
83.0,1.3559700191020967,0.1127450980392156,0.0301724137931034,0.8484848484848485,0.0582726326742976,87,900,5,28,0.1176470588235294,0.0353697749196141,1.0,0.0683229813664596,87,900,0,33
84.0,1.4302009344100954,0.1156862745098039,0.0302702702702702,0.8484848484848485,0.0584551148225469,90,897,5,28,0.1205882352941176,0.0354838709677419,1.0,0.0685358255451713,90,897,0,33
85.0,1.5245822370052364,0.1176470588235294,0.0303358613217768,0.8484848484848485,0.0585774058577405,92,895,5,28,0.1225490196078431,0.0355603448275862,1.0,0.068678459937565,92,895,0,33
86.0,1.6238023400306714,0.1264705882352941,0.0306345733041575,0.8484848484848485,0.0591341077085533,101,886,5,28,0.1313725490196078,0.0359085963003264,1.0,0.0693277310924369,101,886,0,33
87.0,1.7300413727760318,0.1313725490196078,0.0308030803080308,0.8484848484848485,0.0594479830148619,106,881,5,28,0.1362745098039215,0.0361050328227571,1.0,0.0696937697993664,106,881,0,33
88.0,1.882144665718079,0.138235294117647,0.03,0.8181818181818182,0.0578778135048231,114,873,6,27,0.1441176470588235,0.0364238410596026,1.0,0.0702875399361022,114,873,0,33
89.0,2.096136426925665,0.1411764705882353,0.0301003344481605,0.8181818181818182,0.0580645161290322,117,870,6,27,0.1470588235294117,0.0365448504983388,1.0,0.0705128205128205,117,870,0,33
90.0,2.4751029014587447,0.15,0.0304054054054054,0.8181818181818182,0.0586319218241042,126,861,6,27,0.1558823529411764,0.0369127516778523,1.0,0.0711974110032362,126,861,0,33
91.0,2.7237778902053864,0.1549019607843137,0.0305775764439411,0.8181818181818182,0.0589519650655021,131,856,6,27,0.1607843137254902,0.0371203599550056,1.0,0.071583514099783,131,856,0,33
92.0,2.9061412334442207,0.1568627450980392,0.0295790671217292,0.7878787878787878,0.0570175438596491,134,853,7,26,0.1568627450980392,0.0295790671217292,0.7878787878787878,0.0570175438596491,134,853,7,26
93.0,3.1677827596664514,0.1607843137254902,0.0286368843069874,0.7575757575757576,0.0551876379690949,139,848,8,25,0.1617647058823529,0.0297482837528604,0.7878787878787878,0.0573318632855567,139,848,7,26
94.0,3.449003982543952,0.1598039215686274,0.0275229357798165,0.7272727272727273,0.0530386740331491,139,848,9,24,0.1617647058823529,0.0297482837528604,0.7878787878787878,0.0573318632855567,139,848,7,26
95.0,3.8397278189659407,0.1627450980392157,0.0276179516685845,0.7272727272727273,0.0532150776053215,142,845,9,24,0.1647058823529411,0.0298507462686567,0.7878787878787878,0.0575221238938053,142,845,7,26
96.0,5.02883243560791,0.1607843137254902,0.0231749710312862,0.6060606060606061,0.0446428571428571,144,843,13,20,0.1666666666666666,0.0299194476409666,0.7878787878787878,0.0576496674057649,144,843,7,26
97.0,6.102208113670368,0.2088235294117647,0.0233990147783251,0.5757575757575758,0.0449704142011834,194,793,14,19,0.2156862745098039,0.0317460317460317,0.7878787878787878,0.0610328638497652,194,793,7,26
98.0,8.179357433319108,0.6039215686274509,0.0231362467866323,0.2727272727272727,0.0426540284360189,607,380,24,9,0.6205882352941177,0.064039408866995,0.7878787878787878,0.1184510250569476,607,380,7,26
99.0,12.26539282798768,0.9686274509803922,1.0,0.0303030303030303,0.0588235294117647,987,0,32,1,0.9696078431372548,1.0,0.0606060606060606,0.1142857142857143,987,0,31,2
100.0,12.927144050598145,0.9686274509803922,1.0,0.0303030303030303,0.0588235294117647,987,0,32,1,0.9696078431372548,1.0,0.0606060606060606,0.1142857142857143,987,0,31,2
