,tau,Accuracy,Precision,Recall,F1,ROC_AUC,tn,fp,fn,tp,Accuracy_PA,Precision_PA,Recall_PA,F1_PA,tn_PA,fp_PA,fn_PA,tp_PA
Q80.000,1.3100712776184098,0.1027397260273972,0.0317796610169491,0.9090909090909092,0.0614124872057318,0.3687226154364678,75,914,3,30,0.1056751467710371,0.0348468848996832,1.0,0.0673469387755102,75,914,0,33
Q81.000,1.3481739282608032,0.1037181996086105,0.0308182784272051,0.8787878787878788,0.0595482546201232,0.3688145356497227,77,912,4,29,0.1076320939334637,0.0349206349206349,1.0,0.0674846625766871,77,912,0,33
Q82.000,1.4290448713302613,0.1076320939334637,0.0309498399146211,0.8787878787878788,0.0597938144329896,0.3688145356497227,81,908,4,29,0.111545988258317,0.0350690754516471,1.0,0.0677618069815195,81,908,0,33
Q83.000,1.474650789499283,0.1076320939334637,0.0309498399146211,0.8787878787878788,0.0597938144329896,0.3688145356497227,81,908,4,29,0.111545988258317,0.0350690754516471,1.0,0.0677618069815195,81,908,0,33
Q84.000,1.5229729747772218,0.1076320939334637,0.0309498399146211,0.8787878787878788,0.0597938144329896,0.3688145356497227,81,908,4,29,0.111545988258317,0.0350690754516471,1.0,0.0677618069815195,81,908,0,33
Q85.000,1.5449180126190187,0.1076320939334637,0.0309498399146211,0.8787878787878788,0.0597938144329896,0.3688145356497227,81,908,4,29,0.111545988258317,0.0350690754516471,1.0,0.0677618069815195,81,908,0,33
Q86.000,1.5872159385681168,0.1095890410958904,0.0310160427807486,0.8787878787878788,0.0599173553719008,0.3688451757208076,83,906,4,29,0.1135029354207436,0.0351437699680511,1.0,0.0679012345679012,83,906,0,33
Q87.000,1.720066616535187,0.1164383561643835,0.03125,0.8787878787878788,0.060353798126951,0.3684162147256181,90,899,4,29,0.1203522504892367,0.0354077253218884,1.0,0.0683937823834196,90,899,0,33
Q88.000,1.7467033863067627,0.1154598825831702,0.0291891891891891,0.8181818181818182,0.0563674321503131,0.3687992156141802,91,898,6,27,0.12133072407045,0.0354457572502685,1.0,0.0684647302904564,91,898,0,33
Q89.000,1.8515358889102964,0.1203522504892367,0.0293478260869565,0.8181818181818182,0.0566631689401888,0.3690749762539448,96,893,6,27,0.1262230919765166,0.0356371490280777,1.0,0.0688216892596454,96,893,0,33
Q90.000,2.0413589477539062,0.1301369863013698,0.0296703296703296,0.8181818181818182,0.0572640509013785,0.3693200968226246,106,883,6,27,0.1360078277886497,0.0360262008733624,1.0,0.0695468914646996,106,883,0,33
Q91.000,2.1185526537895245,0.1330724070450097,0.0297684674751929,0.8181818181818182,0.0574468085106383,0.3693200968226246,109,880,6,27,0.1389432485322896,0.036144578313253,1.0,0.0697674418604651,109,880,0,33
Q92.000,2.6302066421508803,0.1565557729941291,0.0305775764439411,0.8181818181818182,0.0589519650655021,0.3687072954009253,133,856,6,27,0.162426614481409,0.0371203599550056,1.0,0.071583514099783,133,856,0,33
Q93.000,2.919597222805026,0.1614481409001956,0.030751708428246,0.8181818181818182,0.0592755214050493,0.3688298556852652,138,851,6,27,0.1673189823874755,0.0373303167420814,1.0,0.0719738276990185,138,851,0,33
Q94.000,3.155929241180422,0.1614481409001956,0.030751708428246,0.8181818181818182,0.0592755214050493,0.3688298556852652,138,851,6,27,0.1673189823874755,0.0373303167420814,1.0,0.0719738276990185,138,851,0,33
Q95.000,3.4081333398819287,0.162426614481409,0.0297142857142857,0.7878787878787878,0.0572687224669603,0.369013696111775,140,849,7,26,0.162426614481409,0.0297142857142857,0.7878787878787878,0.0572687224669603,140,849,7,26
Q96.000,4.521423683166519,0.1614481409001956,0.0264367816091954,0.696969696969697,0.0509413067552602,0.3690749762539448,142,847,10,23,0.1643835616438356,0.0297823596792668,0.7878787878787878,0.0573951434878587,142,847,7,26
Q97.000,5.281942758560311,0.159491193737769,0.0241935483870967,0.6363636363636364,0.0466148723640399,0.3691975365382848,142,847,12,21,0.1643835616438356,0.0297823596792668,0.7878787878787878,0.0573951434878587,142,847,7,26
Q98.000,7.294656858444305,0.197651663405088,0.0195360195360195,0.4848484848484848,0.0375586854460093,0.3806262830529767,186,803,17,16,0.2074363992172211,0.031363088057901,0.7878787878787878,0.0603248259860788,186,803,7,26
Q99.000,11.314674043655414,0.9686888454011742,1.0,0.0303030303030303,0.0588235294117647,0.5975426662989859,989,0,32,1,0.9696673189823874,1.0,0.0606060606060606,0.1142857142857143,989,0,31,2
Q100.000,13.274076461791992,0.9686888454011742,1.0,0.0303030303030303,0.0588235294117647,0.5975426662989859,989,0,32,1,0.9696673189823874,1.0,0.0606060606060606,0.1142857142857143,989,0,31,2
Q_off_f1_best,10.700702667236328,0.9686888454011742,1.0,0.0303030303030303,0.0588235294117647,0.5975426662989859,989,0,32,1,0.9696673189823874,1.0,0.0606060606060606,0.1142857142857143,989,0,31,2
