,tau,Accuracy,Precision,Recall,F1,tn,fp,fn,tp,Accuracy_PA,Precision_PA,Recall_PA,F1_PA,tn_PA,fp_PA,fn_PA,tp_PA
80.0,1.1724920272827148,0.1009803921568627,0.0297872340425531,0.8484848484848485,0.0575539568345323,75.0,912.0,5.0,28.0,0.1058823529411764,0.0349206349206349,1.0,0.0674846625766871,75.0,912.0,0.0,33.0
81.0,1.2377538263797772,0.1068627450980392,0.0299785867237687,0.8484848484848485,0.0579110651499482,81.0,906.0,5.0,28.0,0.1117647058823529,0.0351437699680511,1.0,0.0679012345679012,81.0,906.0,0.0,33.0
82.0,1.2804364442825324,0.1078431372549019,0.030010718113612,0.8484848484848485,0.0579710144927536,82.0,905.0,5.0,28.0,0.1127450980392156,0.0351812366737739,1.0,0.0679711637487126,82.0,905.0,0.0,33.0
83.0,1.3559700191020967,0.1127450980392156,0.0301724137931034,0.8484848484848485,0.0582726326742976,87.0,900.0,5.0,28.0,0.1176470588235294,0.0353697749196141,1.0,0.0683229813664596,87.0,900.0,0.0,33.0
84.0,1.4302009344100954,0.1156862745098039,0.0302702702702702,0.8484848484848485,0.0584551148225469,90.0,897.0,5.0,28.0,0.1205882352941176,0.0354838709677419,1.0,0.0685358255451713,90.0,897.0,0.0,33.0
85.0,1.5245822370052364,0.1176470588235294,0.0303358613217768,0.8484848484848485,0.0585774058577405,92.0,895.0,5.0,28.0,0.1225490196078431,0.0355603448275862,1.0,0.068678459937565,92.0,895.0,0.0,33.0
86.0,1.6238023400306714,0.1254901960784313,0.0306010928961748,0.8484848484848485,0.0590717299578059,100.0,887.0,5.0,28.0,0.1303921568627451,0.0358695652173913,1.0,0.0692549842602308,100.0,887.0,0.0,33.0
87.0,1.7300413727760318,0.1313725490196078,0.0308030803080308,0.8484848484848485,0.0594479830148619,106.0,881.0,5.0,28.0,0.1362745098039215,0.0361050328227571,1.0,0.0696937697993664,106.0,881.0,0.0,33.0
88.0,1.882144665718079,0.138235294117647,0.03,0.8181818181818182,0.0578778135048231,114.0,873.0,6.0,27.0,0.1441176470588235,0.0364238410596026,1.0,0.0702875399361022,114.0,873.0,0.0,33.0
89.0,2.096136426925665,0.1411764705882353,0.0301003344481605,0.8181818181818182,0.0580645161290322,117.0,870.0,6.0,27.0,0.1470588235294117,0.0365448504983388,1.0,0.0705128205128205,117.0,870.0,0.0,33.0
90.0,2.4751029014587447,0.15,0.0304054054054054,0.8181818181818182,0.0586319218241042,126.0,861.0,6.0,27.0,0.1558823529411764,0.0369127516778523,1.0,0.0711974110032362,126.0,861.0,0.0,33.0
91.0,2.7237778902053864,0.1549019607843137,0.0305775764439411,0.8181818181818182,0.0589519650655021,131.0,856.0,6.0,27.0,0.1607843137254902,0.0371203599550056,1.0,0.071583514099783,131.0,856.0,0.0,33.0
92.0,2.9061412334442207,0.1568627450980392,0.0295790671217292,0.7878787878787878,0.0570175438596491,134.0,853.0,7.0,26.0,0.1568627450980392,0.0295790671217292,0.7878787878787878,0.0570175438596491,134.0,853.0,7.0,26.0
93.0,3.1677827596664514,0.1607843137254902,0.0286368843069874,0.7575757575757576,0.0551876379690949,139.0,848.0,8.0,25.0,0.1617647058823529,0.0297482837528604,0.7878787878787878,0.0573318632855567,139.0,848.0,7.0,26.0
94.0,3.449003982543952,0.1598039215686274,0.0275229357798165,0.7272727272727273,0.0530386740331491,139.0,848.0,9.0,24.0,0.1617647058823529,0.0297482837528604,0.7878787878787878,0.0573318632855567,139.0,848.0,7.0,26.0
95.0,3.8397278189659407,0.1627450980392157,0.0276179516685845,0.7272727272727273,0.0532150776053215,142.0,845.0,9.0,24.0,0.1647058823529411,0.0298507462686567,0.7878787878787878,0.0575221238938053,142.0,845.0,7.0,26.0
96.0,5.02883243560791,0.1607843137254902,0.0231749710312862,0.6060606060606061,0.0446428571428571,144.0,843.0,13.0,20.0,0.1666666666666666,0.0299194476409666,0.7878787878787878,0.0576496674057649,144.0,843.0,7.0,26.0
97.0,6.102208113670368,0.2058823529411764,0.0233128834355828,0.5757575757575758,0.0448113207547169,191.0,796.0,14.0,19.0,0.2127450980392156,0.0316301703163017,0.7878787878787878,0.0608187134502924,191.0,796.0,7.0,26.0
98.0,8.179357433319108,0.5411764705882353,0.0198675496688741,0.2727272727272727,0.037037037037037,543.0,444.0,24.0,9.0,0.557843137254902,0.0553191489361702,0.7878787878787878,0.1033797216699801,543.0,444.0,7.0,26.0
99.0,12.26539282798768,0.9686274509803922,1.0,0.0303030303030303,0.0588235294117647,987.0,0.0,32.0,1.0,0.9696078431372548,1.0,0.0606060606060606,0.1142857142857143,987.0,0.0,31.0,2.0
100.0,12.927144050598145,0.9686274509803922,1.0,0.0303030303030303,0.0588235294117647,987.0,0.0,32.0,1.0,0.9696078431372548,1.0,0.0606060606060606,0.1142857142857143,987.0,0.0,31.0,2.0
Qbest,0.6017211675643921,0.0735294117647058,0.0327868852459016,0.9696969696969696,0.0634291377601585,43.0,944.0,1.0,32.0,0.0745098039215686,0.0337768679631525,1.0,0.0653465346534653,43.0,944.0,0.0,33.0
