,tau,Accuracy,Precision,Recall,F1,ROC_AUC,tn,fp,fn,tp,Accuracy_PA,Precision_PA,Recall_PA,F1_PA,tn_PA,fp_PA,fn_PA,tp_PA
Q80.000,1.3100712776184098,0.1027397260273972,0.0317796610169491,0.9090909090909092,0.0614124872057318,,75,914,3,30,0.1056751467710371,0.0348468848996832,1.0,0.0673469387755102,75,914,0,33
Q81.000,1.3481739282608032,0.1046966731898238,0.0318471337579617,0.9090909090909092,0.0615384615384615,,77,912,3,30,0.1076320939334637,0.0349206349206349,1.0,0.0674846625766871,77,912,0,33
Q82.000,1.4290448713302613,0.1066536203522504,0.0309168443496801,0.8787878787878788,0.0597322348094747,,80,909,4,29,0.1105675146771037,0.0350318471337579,1.0,0.0676923076923076,80,909,0,33
Q83.000,1.474650789499283,0.1076320939334637,0.0309498399146211,0.8787878787878788,0.0597938144329896,,81,908,4,29,0.111545988258317,0.0350690754516471,1.0,0.0677618069815195,81,908,0,33
Q84.000,1.5229729747772218,0.1076320939334637,0.0309498399146211,0.8787878787878788,0.0597938144329896,,81,908,4,29,0.111545988258317,0.0350690754516471,1.0,0.0677618069815195,81,908,0,33
Q85.000,1.5449180126190187,0.1076320939334637,0.0309498399146211,0.8787878787878788,0.0597938144329896,,81,908,4,29,0.111545988258317,0.0350690754516471,1.0,0.0677618069815195,81,908,0,33
Q86.000,1.5872159385681168,0.1095890410958904,0.0310160427807486,0.8787878787878788,0.0599173553719008,,83,906,4,29,0.1135029354207436,0.0351437699680511,1.0,0.0679012345679012,83,906,0,33
Q87.000,1.720066616535187,0.1144814090019569,0.0311827956989247,0.8787878787878788,0.0602284527518172,,88,901,4,29,0.1183953033268101,0.0353319057815845,1.0,0.0682523267838676,88,901,0,33
Q88.000,1.7467033863067627,0.1164383561643835,0.03125,0.8787878787878788,0.060353798126951,,90,899,4,29,0.1203522504892367,0.0354077253218884,1.0,0.0683937823834196,90,899,0,33
Q89.000,1.8515358889102964,0.1193737769080234,0.0293159609120521,0.8181818181818182,0.0566037735849056,,95,894,6,27,0.1252446183953033,0.0355987055016181,1.0,0.06875,95,894,0,33
Q90.000,2.0413589477539062,0.1291585127201565,0.0296377607025246,0.8181818181818182,0.0572033898305084,,105,884,6,27,0.1350293542074364,0.0359869138495092,1.0,0.0694736842105263,105,884,0,33
Q91.000,2.1185526537895245,0.1330724070450097,0.0297684674751929,0.8181818181818182,0.0574468085106383,,109,880,6,27,0.1389432485322896,0.036144578313253,1.0,0.0697674418604651,109,880,0,33
Q92.000,2.6302066421508803,0.1555772994129158,0.0305429864253393,0.8181818181818182,0.0588876772082878,,132,857,6,27,0.1614481409001956,0.0370786516853932,1.0,0.0715059588299024,132,857,0,33
Q93.000,2.919597222805026,0.159491193737769,0.0306818181818181,0.8181818181818182,0.0591456736035049,,136,853,6,27,0.1653620352250489,0.0372460496613995,1.0,0.0718171926006528,136,853,0,33
Q94.000,3.155929241180422,0.1614481409001956,0.030751708428246,0.8181818181818182,0.0592755214050493,,138,851,6,27,0.1673189823874755,0.0373303167420814,1.0,0.0719738276990185,138,851,0,33
Q95.000,3.4081333398819287,0.1634050880626223,0.0308219178082191,0.8181818181818182,0.0594059405940594,,140,849,6,27,0.1692759295499021,0.0374149659863945,1.0,0.0721311475409836,140,849,0,33
Q96.000,4.521423683166519,0.1614481409001956,0.0264367816091954,0.696969696969697,0.0509413067552602,,142,847,10,23,0.1643835616438356,0.0297823596792668,0.7878787878787878,0.0573951434878587,142,847,7,26
Q97.000,5.281942758560311,0.159491193737769,0.0241935483870967,0.6363636363636364,0.0466148723640399,,142,847,12,21,0.1643835616438356,0.0297823596792668,0.7878787878787878,0.0573951434878587,142,847,7,26
Q98.000,7.294656858444305,0.1673189823874755,0.0188235294117647,0.4848484848484848,0.0362400906002265,,155,834,17,16,0.1771037181996086,0.0302325581395348,0.7878787878787878,0.0582306830907054,155,834,7,26
Q99.000,11.314674043655414,0.9686888454011742,1.0,0.0303030303030303,0.0588235294117647,,989,0,32,1,0.9696673189823874,1.0,0.0606060606060606,0.1142857142857143,989,0,31,2
Q100.000,13.274076461791992,0.9686888454011742,1.0,0.0303030303030303,0.0588235294117647,,989,0,32,1,0.9696673189823874,1.0,0.0606060606060606,0.1142857142857143,989,0,31,2
Q_off_f1_best,10.700702667236328,0.9471624266144814,0.08,0.0606060606060606,0.0689655172413793,0.368569415081043,966,23,31,2,0.9706457925636008,0.5306122448979592,0.7878787878787878,0.6341463414634148,966,23,7,26
