,tau,Accuracy,Precision,Recall,F1,ROC_AUC,tn,fp,fn,tp,Accuracy_PA,Precision_PA,Recall_PA,F1_PA,tn_PA,fp_PA,fn_PA,tp_PA
Q90.000,0.1458889096975326,0.0547939427173408,0.0311310965063991,1.0,0.0603824220060382,0.6889731152390481,579,22408,0,720,0.0547939427173408,0.0311310965063991,1.0,0.0603824220060382,579,22408,0,720
Q91.000,0.1515596710145473,0.2216644872822373,0.0358601193592294,0.9513888888888888,0.0691151246090202,0.7410771728464881,4570,18417,35,685,0.223140844476315,0.0376234519517165,1.0,0.0725185073273908,4570,18417,0,720
Q92.000,0.1579642027616501,0.2078289112920234,0.0353504167953071,0.9541666666666668,0.0681750520988389,0.7568991893969055,4240,18747,33,687,0.2092209052178681,0.0369856680536292,1.0,0.0713330361123495,4240,18747,0,720
Q93.000,0.1653121367096901,0.2881005610157337,0.0390299572039942,0.95,0.0749794464236777,0.7624120879917635,6146,16841,36,684,0.289619099843928,0.0409999430556346,1.0,0.0787703079700235,6146,16841,0,720
Q94.000,0.1728944927453995,0.1186991184038469,0.0319706742146536,0.9569444444444444,0.0618741861613757,0.6710331443376207,2125,20862,31,689,0.1200067490614586,0.0333611342785654,1.0,0.0645682001614205,2125,20862,0,720
Q95.000,0.183092575520277,0.0310878643438646,0.0303925707049387,1.0,0.0589922163047931,0.7187769173880889,17,22970,0,720,0.0310878643438646,0.0303925707049387,1.0,0.0589922163047931,17,22970,0,720
Q96.000,0.1962900191545491,0.2544396169907622,0.0372291063922703,0.9472222222222222,0.0716424181942328,0.7531199397727217,5350,17637,38,682,0.2560425190871894,0.0392220951135806,1.0,0.0754835665985217,5350,17637,0,720
Q97.000,0.2153501585125925,0.3055637575399671,0.0398667212252294,0.9472222222222222,0.0765131542042968,0.7478677259610507,6562,16425,38,682,0.3071666596363943,0.0419947506561679,1.0,0.0806045340050377,6562,16425,0,720
Q98.000,0.2480984941124916,0.1957649639347028,0.0346489448051948,0.9486111111111112,0.0668559122944401,0.6745698353658831,3958,19029,37,683,0.1973256843970135,0.0364575421540331,1.0,0.070350285798036,3958,19029,0,720
Q99.000,0.3836449652910241,0.8330450921668705,0.0777256129368805,0.4138888888888888,0.1308739569609134,0.7311256845656724,19451,3536,422,298,0.8508457417640359,0.169172932330827,1.0,0.2893890675241157,19451,3536,0,720
Q100.000,356.7481384277344,0.7280971864850044,0.0253647214854111,0.2125,0.0453199052132701,0.6899574880488005,17108,5879,567,153,0.7299953600202472,0.0325818660523284,0.275,0.0582609974988965,17108,5879,522,198
Q_off_f1_best,0.8220261931419373,0.9165647277175518,0.1397479954180985,0.3388888888888889,0.1978913219789132,0.767964320412987,21485,1502,476,244,0.9366431855570084,0.324032403240324,1.0,0.4894629503738952,21485,1502,0,720
