,tau,Accuracy,Precision,Recall,F1,ROC_AUC,tn,fp,fn,tp,Accuracy_PA,Precision_PA,Recall_PA,F1_PA,tn_PA,fp_PA,fn_PA,tp_PA
Q90.000,0.1458889096975326,0.2369342388324123,0.0367505867292511,0.9569444444444444,0.0707828230943086,,4928,18059,31,689,0.238241869490024,0.0383406997177698,1.0,0.0738499410226165,4928,18059,0,720
Q91.000,0.1515596710145473,0.2438520268275193,0.0370749031424881,0.9569444444444444,0.0713841690841276,,5092,17895,31,689,0.2451596574851309,0.0386784850926672,1.0,0.0744763382467028,5092,17895,0,720
Q92.000,0.1579642027616501,0.2520774454802379,0.0373170864385573,0.9527777777777776,0.0718211799193843,,5290,17697,34,686,0.2535116210401991,0.0390943150350219,1.0,0.0752469039034331,5290,17697,0,720
Q93.000,0.1653121367096901,0.2590795967435778,0.0375555921594465,0.95,0.0722547932181904,,5458,17529,36,684,0.260598135571772,0.0394542166694065,1.0,0.0759133322789815,5458,17529,0,720
Q94.000,0.1728944927453995,0.2667144725186653,0.0379325643300798,0.95,0.0729522184300341,,5639,17348,36,684,0.2682330113468595,0.0398494576046048,1.0,0.0766446668086012,5639,17348,0,720
Q95.000,0.183092575520277,0.2763740667313452,0.0383167593685038,0.9472222222222222,0.0736540849937901,,5870,17117,38,682,0.2779769688277724,0.0403655323204574,1.0,0.0775987497979199,5870,17117,0,720
Q96.000,0.1962900191545491,0.2871303834310541,0.038821115038194,0.9458333333333332,0.0745810973606395,,6126,16861,39,681,0.2887754671615978,0.0409533018599624,1.0,0.0786842249057428,6126,16861,0,720
Q97.000,0.2153501585125925,0.3012612308600835,0.0392555975574294,0.9375,0.07535584705554,,6467,16520,45,675,0.3031594043953263,0.0417633410672853,1.0,0.0801781737193764,6467,16520,0,720
Q98.000,0.2480984941124916,0.3191884253595984,0.0399212316505549,0.9291666666666668,0.0765533813937521,,6898,16089,51,669,0.3213396886995402,0.0428341959664465,1.0,0.0821495806948485,6898,16089,0,720
Q99.000,0.3836449652910241,0.3830936010461045,0.042508389813779,0.8972222222222223,0.0811710749513099,,8436,14551,74,646,0.3862150419707259,0.0471481893785606,1.0,0.0900506534925895,8436,14551,0,720
Q100.000,356.7481384277344,0.9706837642890286,0.8571428571428571,0.0416666666666666,0.0794701986754966,,22982,5,690,30,0.9714852153372422,0.9074074074074074,0.0680555555555555,0.1266149870801033,22982,5,671,49
Q_off_f1_best,0.8220261931419373,0.9312439363900956,0.188782489740082,0.3833333333333333,0.2529789184234647,0.7927472291101735,21801,1186,444,276,0.9499725819378244,0.3777544596012592,1.0,0.5483625285605483,21801,1186,0,720
