,tau,Accuracy,Precision,Recall,F1,tn,fp,fn,tp,Accuracy_PA,Precision_PA,Recall_PA,F1_PA,tn_PA,fp_PA,fn_PA,tp_PA
90.0,1.038584399223328,0.8533327715513609,0.00949532355315,0.8968609865470852,0.0187916940712205,121318,20863,23,200,0.8533327715513609,0.00949532355315,0.8968609865470852,0.0187916940712205,121318,20863,23,200
91.0,1.0918613159656525,0.8709797477598944,0.0106761565836298,0.8878923766816144,0.0210986200650008,123833,18348,25,198,0.8709797477598944,0.0106761565836298,0.8878923766816144,0.0210986200650008,123833,18348,25,198
92.0,1.154291524887085,0.8888233476587736,0.0122492344228485,0.8789237668161435,0.0241617357001972,126376,15805,27,196,0.8888233476587736,0.0122492344228485,0.8789237668161435,0.0241617357001972,126376,15805,27,196
93.0,1.242276594638825,0.9080433133900732,0.0144840072420036,0.8609865470852018,0.0284887602937903,129117,13064,31,192,0.9080433133900732,0.0144840072420036,0.8609865470852018,0.0284887602937903,129117,13064,31,192
94.0,1.3567318797111532,0.9261958933737816,0.0173594820305902,0.8295964125560538,0.0340073529411764,131709,10472,38,185,0.9261958933737816,0.0173594820305902,0.8295964125560538,0.0340073529411764,131709,10472,38,185
95.0,1.4990147054195406,0.9418766326788574,0.0211652794292508,0.7982062780269058,0.0412371134020618,133949,8232,45,178,0.9418766326788574,0.0211652794292508,0.7982062780269058,0.0412371134020618,133949,8232,45,178
96.0,1.669667196273804,0.953674054099604,0.0254615842763549,0.7668161434977578,0.0492866407263294,135636,6545,52,171,0.953674054099604,0.0254615842763549,0.7668161434977578,0.0492866407263294,135636,6545,52,171
97.0,1.962521271705637,0.9653099632032808,0.0304598845311566,0.6860986547085202,0.0583301563095692,137311,4870,70,153,0.965316985477936,0.0306528662420382,0.6905829596412556,0.0587002096436058,137311,4870,69,154
98.0,2.6369021415710607,0.9777815229909272,0.0400375351892399,0.5739910313901345,0.0748538011695906,139112,3069,95,128,0.9778025898148928,0.0409375,0.5874439461883408,0.0765410458661992,139112,3069,92,131
99.0,4.433309950828545,0.9880831999101148,0.0560240963855421,0.4170403587443946,0.0987785448751991,140614,1567,130,93,0.9881183112833908,0.0588588588588588,0.4394618834080717,0.1038135593220339,140614,1567,125,98
99.1,4.81312185716629,0.9890312069885676,0.058085808580858,0.3946188340807174,0.1012658227848101,140754,1427,135,88,0.989073340636499,0.061801446416831,0.42152466367713,0.1077981651376146,140754,1427,129,94
99.2,5.247851840972905,0.990161793208056,0.0584707646176911,0.3497757847533632,0.1001926782273603,140925,1256,145,78,0.9902179714052975,0.0640834575260804,0.3856502242152466,0.1099041533546325,140925,1256,137,86
99.3,5.68609244823457,0.9910887334625432,0.0597643097643097,0.3183856502242152,0.1006378454996456,141064,1117,152,71,0.9911449116597848,0.0660535117056856,0.3542600896860987,0.1113460183227625,141064,1117,144,79
99.4,6.287229420661957,0.992170163759445,0.0601577909270217,0.273542600896861,0.0986257073565076,141228,953,162,61,0.9922333642313418,0.0684261974584555,0.3139013452914798,0.1123595505617977,141228,953,153,70
99.5,7.039016718864575,0.993125193112553,0.0614849187935034,0.2376681614349775,0.0976958525345622,141372,809,170,53,0.9931954158591052,0.0722477064220183,0.2825112107623318,0.1150684931506849,141372,809,160,63
99.6,8.144824012756082,0.9940661779163508,0.0644257703081232,0.2062780269058296,0.0981856990394877,141513,668,177,46,0.994143422937558,0.0786206896551724,0.2556053811659193,0.120253164556962,141513,668,166,57
99.7,9.424711258888214,0.9948737395016994,0.0651801029159519,0.1704035874439461,0.0942928039702233,141636,545,185,38,0.994958006797562,0.0840336134453781,0.2242152466367713,0.1222493887530562,141636,545,173,50
99.8,11.96759842491138,0.99591303615067,0.0695443645083932,0.1300448430493273,0.0906249999999999,141793,388,194,29,0.9959551697986012,0.0827423167848699,0.1569506726457399,0.1083591331269349,141793,388,188,35
99.9,17.041244380950815,0.9968891323277436,0.0833333333333333,0.0986547085201793,0.0903490759753593,141939,242,201,22,0.996903176877054,0.0902255639097744,0.1076233183856502,0.0981595092024539,141939,242,199,24
100.0,120.37946319580078,0.998370832279992,0.0,0.0,0.0,142172,9,223,0,0.998370832279992,0.0,0.0,0.0,142172,9,223,0
