,tau,Accuracy,Precision,Recall,F1,tn,fp,fn,tp,Accuracy_PA,Precision_PA,Recall_PA,F1_PA,tn_PA,fp_PA,fn_PA,tp_PA
90.0,1.038584399223328,0.8525813881632538,0.009447331128956,0.8968609865470852,0.0186977048567288,121211,20970,23,200,0.8525813881632538,0.009447331128956,0.8968609865470852,0.0186977048567288,121211,20970,23,200
91.0,1.0918613159656525,0.870319653942305,0.0106223175965665,0.8878923766816144,0.0209934792980968,123739,18442,25,198,0.870319653942305,0.0106223175965665,0.8878923766816144,0.0209934792980968,123739,18442,25,198
92.0,1.154291524887085,0.8881913429398051,0.0121200820436322,0.874439461883408,0.0239087788131437,126287,15894,28,195,0.8881913429398051,0.0121200820436322,0.874439461883408,0.0239087788131437,126287,15894,28,195
93.0,1.242276594638825,0.9075868655374848,0.0144133323324074,0.8609865470852018,0.028352037802717,129052,13129,31,192,0.9075868655374848,0.0144133323324074,0.8609865470852018,0.028352037802717,129052,13129,31,192
94.0,1.3567318797111532,0.9259220246622286,0.0173864273696017,0.8340807174887892,0.034062814760553,131669,10512,37,186,0.9259220246622286,0.0173864273696017,0.8340807174887892,0.034062814760553,131669,10512,37,186
95.0,1.4990147054195406,0.9416519198898908,0.0210850509357972,0.7982062780269058,0.0410848240046162,133917,8264,45,178,0.9416519198898908,0.0210850509357972,0.7982062780269058,0.0410848240046162,133917,8264,45,178
96.0,1.669667196273804,0.953477430409258,0.0253558718861209,0.7668161434977578,0.0490885603559638,135608,6573,52,171,0.953477430409258,0.0253558718861209,0.7668161434977578,0.0490885603559638,135608,6573,52,171
97.0,1.962521271705637,0.9652537850060392,0.0304114490161001,0.6860986547085202,0.0582413399314807,137303,4878,70,153,0.9652608072806944,0.03060413354531,0.6905829596412556,0.0586108468125594,137303,4878,69,154
98.0,2.6369021415710607,0.977669166596444,0.0398381574852163,0.5739910313901345,0.0745052386495925,139096,3085,95,128,0.9776902334204096,0.0407338308457711,0.5874439461883408,0.0761849374818261,139096,3085,92,131
99.0,4.433309950828545,0.9880691553608044,0.0564903846153846,0.42152466367713,0.0996290408055114,140611,1570,129,94,0.9881042667340804,0.0593169562612342,0.4439461883408072,0.1046511627906976,140611,1570,124,99
99.1,4.81312185716629,0.9889960956152916,0.0578947368421052,0.3946188340807174,0.1009753298909925,140749,1432,135,88,0.9890382292632228,0.0615989515072083,0.42152466367713,0.1074899942824471,140749,1432,129,94
99.2,5.247851840972905,0.9901477486587456,0.0583832335329341,0.3497757847533632,0.1000641436818473,140923,1258,145,78,0.9902039268559872,0.0639880952380952,0.3856502242152466,0.1097638800255264,140923,1258,137,86
99.3,5.68609244823457,0.991081711187888,0.0597140454163162,0.3183856502242152,0.1005665722379603,141063,1118,152,71,0.9911378893851296,0.0659983291562238,0.3542600896860987,0.1112676056338028,141063,1118,144,79
99.4,6.287229420661957,0.9921490969354794,0.0599803343166175,0.273542600896861,0.0983870967741935,141225,956,162,61,0.9922122974073762,0.0682261208576998,0.3139013452914798,0.1120896717373899,141225,956,153,70
99.5,7.039016718864575,0.9931041262885874,0.061271676300578,0.2376681614349775,0.0974264705882353,141369,812,170,53,0.9931743490351396,0.072,0.2825112107623318,0.1147540983606557,141369,812,160,63
99.6,8.144824012756082,0.9940521333670402,0.0642458100558659,0.2062780269058296,0.0979765708200213,141511,670,177,46,0.9941293783882476,0.0784044016506189,0.2556053811659193,0.12,141511,670,166,57
99.7,9.424711258888214,0.994859694952389,0.0634648370497427,0.1659192825112107,0.0918114143920595,141635,546,186,37,0.9949439622482514,0.0823529411764705,0.2197309417040358,0.1198044009779951,141635,546,174,49
99.8,11.96759842491138,0.9958989916013596,0.0692124105011933,0.1300448430493273,0.0903426791277258,141791,390,194,29,0.9959411252492908,0.0823529411764705,0.1569506726457399,0.1080246913580246,141791,390,188,35
99.9,17.041244380950815,0.9968891323277436,0.0833333333333333,0.0986547085201793,0.0903490759753593,141939,242,201,22,0.996903176877054,0.0902255639097744,0.1076233183856502,0.0981595092024539,141939,242,199,24
100.0,120.37946319580078,0.998370832279992,0.0,0.0,0.0,142172,9,223,0,0.998370832279992,0.0,0.0,0.0,142172,9,223,0
