,tau,Accuracy,Precision,Recall,F1,tn,fp,fn,tp,Accuracy_PA,Precision_PA,Recall_PA,F1_PA,tn_PA,fp_PA,fn_PA,tp_PA
90.0,1.038584399223328,0.8244150445212213,0.0080206472106412,0.905829596412556,0.0159005037783375,117198,24983,21,202,0.8244150445212213,0.0080206472106412,0.905829596412556,0.0159005037783375,117198,24983,21,202
91.0,1.0918613159656525,0.8444144827392489,0.0089993284083277,0.9013452914798208,0.0178207287880131,120047,22134,22,201,0.8444144827392489,0.0089993284083277,0.9013452914798208,0.0178207287880131,120047,22134,22,201
92.0,1.154291524887085,0.86470183421814,0.0102355724719679,0.8923766816143498,0.0202390033053648,122938,19243,24,199,0.86470183421814,0.0102355724719679,0.8923766816143498,0.0202390033053648,122938,19243,24,199
93.0,1.242276594638825,0.888086008819977,0.0121693778716006,0.8789237668161435,0.0240063690366832,126271,15910,27,196,0.888086008819977,0.0121693778716006,0.8789237668161435,0.0240063690366832,126271,15910,27,196
94.0,1.3567318797111532,0.91099266874526,0.0145797598627787,0.8385650224215246,0.028661200091961,129542,12639,36,187,0.91099266874526,0.0145797598627787,0.8385650224215246,0.028661200091961,129542,12639,36,187
95.0,1.4990147054195406,0.9305777927586304,0.0179586950014965,0.8071748878923767,0.0351356626976381,132338,9843,43,180,0.9305777927586304,0.0179586950014965,0.8071748878923767,0.0351356626976381,132338,9843,43,180
96.0,1.669667196273804,0.9463217325356028,0.0220275666623727,0.7668161434977578,0.0428249436513899,134589,7592,52,171,0.9463217325356028,0.0220275666623727,0.7668161434977578,0.0428249436513899,134589,7592,52,171
97.0,1.962521271705637,0.9611738434313642,0.0281038776236214,0.7085201793721974,0.0540633019674935,136717,5464,65,158,0.9611738434313642,0.0281038776236214,0.7085201793721974,0.0540633019674935,136717,5464,65,158
98.0,2.6369021415710607,0.97531670458695,0.0379000561482313,0.6053811659192825,0.071334214002642,138754,3427,88,135,0.97531670458695,0.0379000561482313,0.6053811659192825,0.071334214002642,138754,3427,88,135
99.0,4.433309950828545,0.9868262127468328,0.0554061323292092,0.4618834080717489,0.0989433237271854,140425,1756,120,103,0.9868543018454538,0.0574342458400429,0.4798206278026906,0.1025886864813039,140425,1756,116,107
99.1,4.81312185716629,0.9878584871211484,0.0586166471277842,0.4484304932735426,0.1036806635562467,140575,1606,123,100,0.987886576219769,0.0608187134502924,0.4663677130044843,0.1076047594412829,140575,1606,119,104
99.2,5.247851840972905,0.9889680065166708,0.0577427821522309,0.3946188340807174,0.1007441327990841,140745,1436,135,88,0.9889960956152916,0.0602094240837696,0.4125560538116592,0.1050828098229583,140745,1436,131,92
99.3,5.68609244823457,0.9899370804190892,0.0609579100145137,0.3766816143497757,0.1049344159900062,140887,1294,139,84,0.9899651695177102,0.0636758321273516,0.3946188340807174,0.1096573208722741,140887,1294,135,88
99.4,6.287229420661957,0.9910536220892672,0.0617180984153461,0.3318385650224215,0.1040787623066104,141056,1125,149,74,0.991081711187888,0.0648379052369077,0.3497757847533632,0.1093969144460028,141056,1125,145,78
99.5,7.039016718864575,0.9923527429004804,0.0643863179074446,0.2869955156950672,0.105176663927691,141251,930,159,64,0.9923808319991012,0.0681362725450901,0.3049327354260089,0.1113841113841113,141251,930,155,68
99.6,8.144824012756082,0.9935254627678998,0.0647571606475716,0.2331838565022421,0.101364522417154,141430,751,171,52,0.9935605741411758,0.0705445544554455,0.2556053811659193,0.110572259941804,141430,751,166,57
99.7,9.424711258888214,0.9943260020785932,0.0666666666666666,0.2017937219730941,0.1002227171492204,141551,630,178,45,0.9943611134518692,0.0735294117647058,0.2242152466367713,0.1107419712070874,141551,630,173,50
99.8,11.96759842491138,0.9955127664953232,0.0823293172690763,0.1838565022421524,0.1137309292649098,141724,457,182,41,0.9955478778685992,0.0914512922465208,0.2062780269058296,0.1267217630853994,141724,457,177,46
99.9,17.041244380950815,0.9967276200106738,0.1093247588424437,0.1524663677130044,0.1273408239700374,141904,277,189,34,0.9967697536586052,0.1261829652996845,0.179372197309417,0.1481481481481481,141904,277,183,40
100.0,120.37946319580078,0.998265498160164,0.0,0.0,0.0,142157,24,223,0,0.998265498160164,0.0,0.0,0.0,142157,24,223,0
