,tau,Accuracy,Precision,Recall,F1,ROC_AUC,tn,fp,fn,tp,Accuracy_PA,Precision_PA,Recall_PA,F1_PA,tn_PA,fp_PA,fn_PA,tp_PA
Q90.000,3.681747157504534e-17,0.1406759754665274,0.0231557072881104,0.975,0.0452370595911265,,922,6581,4,156,0.1411979642437687,0.0237353508381545,1.0,0.0463700912911172,922,6581,0,160
Q91.000,3.681747157504534e-17,0.1406759754665274,0.0231557072881104,0.975,0.0452370595911265,,922,6581,4,156,0.1411979642437687,0.0237353508381545,1.0,0.0463700912911172,922,6581,0,160
Q92.000,3.681747157504534e-17,0.1406759754665274,0.0231557072881104,0.975,0.0452370595911265,,922,6581,4,156,0.1411979642437687,0.0237353508381545,1.0,0.0463700912911172,922,6581,0,160
Q93.000,3.681747157504534e-17,0.1406759754665274,0.0231557072881104,0.975,0.0452370595911265,,922,6581,4,156,0.1411979642437687,0.0237353508381545,1.0,0.0463700912911172,922,6581,0,160
Q94.000,3.681747157504534e-17,0.1406759754665274,0.0231557072881104,0.975,0.0452370595911265,,922,6581,4,156,0.1411979642437687,0.0237353508381545,1.0,0.0463700912911172,922,6581,0,160
Q95.000,3.681747157504534e-17,0.1406759754665274,0.0231557072881104,0.975,0.0452370595911265,,922,6581,4,156,0.1411979642437687,0.0237353508381545,1.0,0.0463700912911172,922,6581,0,160
Q96.000,3.681747157504534e-17,0.1406759754665274,0.0231557072881104,0.975,0.0452370595911265,,922,6581,4,156,0.1411979642437687,0.0237353508381545,1.0,0.0463700912911172,922,6581,0,160
Q97.000,3.681747157504534e-17,0.1406759754665274,0.0231557072881104,0.975,0.0452370595911265,,922,6581,4,156,0.1411979642437687,0.0237353508381545,1.0,0.0463700912911172,922,6581,0,160
Q98.000,3.681747157504534e-17,0.1406759754665274,0.0231557072881104,0.975,0.0452370595911265,,922,6581,4,156,0.1411979642437687,0.0237353508381545,1.0,0.0463700912911172,922,6581,0,160
Q99.000,3.681747157504534e-17,0.1406759754665274,0.0231557072881104,0.975,0.0452370595911265,,922,6581,4,156,0.1411979642437687,0.0237353508381545,1.0,0.0463700912911172,922,6581,0,160
Q100.000,5.159067577850355e-17,0.5000652485971552,0.0363728214195503,0.9,0.0699198834668609,,3688,3815,16,144,0.5021532037061203,0.040251572327044,1.0,0.0773881499395405,3688,3815,0,160
Q_off_f1_best,0.0099841207265853,0.6373482970116142,0.0476683937823834,0.8625,0.0903436988543371,0.6530633579901371,4746,2757,22,138,0.6402192352864413,0.0548508741858073,1.0,0.1039974000649983,4746,2757,0,160
