,tau,Accuracy,Precision,Recall,F1,ROC_AUC,tn,fp,fn,tp,Accuracy_PA,Precision_PA,Recall_PA,F1_PA,tn_PA,fp_PA,fn_PA,tp_PA
Q90.000,0.0033717744518071,0.8721296188366943,0.0501474926253687,0.2802197802197802,0.0850708924103419,0.600419171158721,7431,966,131,51,0.8873994638069705,0.1585365853658536,1.0,0.2736842105263158,7431,966,0,182
Q91.000,0.0034574323799461,0.8762093484089055,0.0519348268839103,0.2802197802197802,0.0876288659793814,0.600419171158721,7466,931,131,51,0.8914791933791817,0.1635220125786163,1.0,0.2810810810810811,7466,931,0,182
Q92.000,0.0037857352290302,0.8863503904884019,0.0559910414333706,0.2747252747252747,0.0930232558139535,0.600419171158721,7554,843,132,50,0.9017367991607412,0.1775609756097561,1.0,0.3015741507870754,7554,843,0,182
Q93.000,0.0042483555153012,0.8973073784823405,0.0614805520702634,0.2692307692307692,0.1001021450459652,0.600419171158721,7649,748,133,49,0.9128103508567432,0.1956989247311828,1.0,0.3273381294964028,7649,748,0,182
Q94.000,0.0049395589157938,0.9110618953257956,0.0709010339734121,0.2637362637362637,0.1117578579743888,0.600419171158721,7768,629,134,48,0.9266814314022612,0.2244143033292231,1.0,0.3665659617321248,7768,629,0,182
Q95.000,0.0067948073847219,0.9335586898239888,0.0991735537190082,0.2637362637362637,0.1441441441441441,0.600419171158721,7961,436,134,48,0.9491782259004546,0.2944983818770226,1.0,0.455,7961,436,0,182
Q96.000,0.0778204649686813,0.9674787271243734,0.2024539877300613,0.1813186813186813,0.191304347826087,0.600419171158721,8267,130,149,33,0.984846718731787,0.5833333333333334,1.0,0.7368421052631579,8267,130,0,182
Q97.000,0.311925537884236,0.9695768737615108,0.184,0.1263736263736263,0.1498371335504885,0.600419171158721,8295,102,159,23,0.988110502389556,0.6408450704225352,1.0,0.7811158798283262,8295,102,0,182
Q98.000,0.9705120325088552,0.9728406574192796,0.1688311688311688,0.0714285714285714,0.1003861003861003,0.600419171158721,8333,64,169,13,0.9925399230679568,0.7398373983739838,1.0,0.8504672897196263,8333,64,0,182
Q99.000,8.993314027787543,0.9768038232894276,0.2702702702702703,0.0549450549450549,0.091324200913242,0.600419171158721,8370,27,172,10,0.9968527800442942,0.8708133971291866,1.0,0.9309462915601024,8370,27,0,182
Q100.000,46.90579605102539,0.9785522788203752,0.3333333333333333,0.0109890109890109,0.0212765957446808,0.600419171158721,8393,4,180,2,0.9995337451917472,0.978494623655914,1.0,0.9891304347826088,8393,4,0,182
Q_off_f1_best,15.779011726379396,0.9779694603100596,0.3703703703703703,0.0549450549450549,0.0956937799043062,0.600419171158721,8380,17,172,10,0.998018417064926,0.914572864321608,1.0,0.9553805774278216,8380,17,0,182
