,tau,Accuracy,Precision,Recall,F1,ROC_AUC,tn,fp,fn,tp,Accuracy_PA,Precision_PA,Recall_PA,F1_PA,tn_PA,fp_PA,fn_PA,tp_PA
Q90.000,0.0033717744518071,0.9365893460776314,0.090497737556561,0.2197802197802197,0.1282051282051282,0.5911229416052568,7995,402,142,40,0.9531413917706026,0.3116438356164384,1.0,0.4751958224543081,7995,402,0,182
Q91.000,0.0034574323799461,0.9378715468003264,0.0928074245939675,0.2197802197802197,0.1305057096247961,0.5916228585038874,8006,391,142,40,0.9544235924932976,0.3176265270506108,1.0,0.4821192052980133,8006,391,0,182
Q92.000,0.0037857352290302,0.9411353304580954,0.0992555831265508,0.2197802197802197,0.1367521367521367,0.5923099170687596,8034,363,142,40,0.9576873761510666,0.3339449541284404,1.0,0.5006877579092159,8034,363,0,182
Q93.000,0.0042483555153012,0.9443991141158644,0.1066666666666666,0.2197802197802197,0.1436265709156194,0.5917700853392172,8062,335,142,40,0.9609511598088356,0.3520309477756286,1.0,0.5207439198855507,8062,335,0,182
Q94.000,0.0049395589157938,0.94754633407157,0.1127167630057803,0.2142857142857142,0.1477272727272727,0.5926429768873498,8090,307,143,39,0.9642149434666044,0.3721881390593047,1.0,0.5424739195230999,8090,307,0,182
Q95.000,0.0067948073847219,0.9518591910479076,0.1262135922330097,0.2142857142857142,0.1588594704684317,0.5923511405826518,8127,270,143,39,0.968527800442942,0.4026548672566372,1.0,0.5741324921135647,8127,270,0,182
Q96.000,0.0778204649686813,0.9575708124490032,0.1526717557251908,0.2197802197802197,0.1801801801801801,0.6048333588526515,8175,222,142,40,0.9741228581419746,0.4504950495049505,1.0,0.621160409556314,8175,222,0,182
Q97.000,0.311925537884236,0.9721412752069004,0.2755905511811024,0.1923076923076923,0.2265372168284789,0.5947061156064372,8305,92,147,35,0.9892761394101875,0.6642335766423357,1.0,0.7982456140350876,8305,92,0,182
Q98.000,0.9705120325088552,0.9734234759295955,0.1515151515151515,0.0549450549450549,0.0806451612903225,0.6251297232004628,8341,56,172,10,0.993472432684462,0.7647058823529411,1.0,0.8666666666666666,8341,56,0,182
Q99.000,8.993314027787543,0.9653805804872364,0.1383647798742138,0.1208791208791208,0.1290322580645161,0.4702372773112323,8260,137,160,22,0.9840307728173446,0.5705329153605015,1.0,0.7265469061876246,8260,137,0,182
Q100.000,46.90579605102539,0.0311225084508684,0.0214268895691076,1.0,0.0419548178884278,0.4322082585748181,85,8312,0,182,0.0311225084508684,0.0214268895691076,1.0,0.0419548178884278,85,8312,0,182
Q_off_f1_best,15.779011726379396,0.962000233127404,0.0135135135135135,0.0109890109890109,0.0121212121212121,0.5347690894314688,8251,146,180,2,0.982981699498776,0.5548780487804879,1.0,0.7137254901960784,8251,146,0,182
