,tau,Accuracy,Precision,Recall,F1,ROC_AUC,tn,fp,fn,tp,Accuracy_PA,Precision_PA,Recall_PA,F1_PA,tn_PA,fp_PA,fn_PA,tp_PA
Q90.000,0.0033717744518071,0.8442708940435948,0.0442338072669826,0.3076923076923077,0.0773480662983425,,7187,1210,126,56,0.8589579205035552,0.1307471264367816,1.0,0.2312579415501905,7187,1210,0,182
Q91.000,0.0034574323799461,0.8532462991024595,0.0470984020185029,0.3076923076923077,0.0816921954777534,,7264,1133,126,56,0.8679333255624199,0.138403041825095,1.0,0.2431529726118904,7264,1133,0,182
Q92.000,0.0037857352290302,0.8904301200606132,0.0551643192488262,0.2582417582417582,0.0909090909090909,,7592,805,135,47,0.906166219839142,0.1843971631205673,1.0,0.311377245508982,7592,805,0,182
Q93.000,0.0042483555153012,0.9144422426856276,0.06875,0.2417582417582417,0.1070559610705596,,7801,596,138,44,0.9305280335703462,0.2339331619537275,1.0,0.3791666666666667,7801,596,0,182
Q94.000,0.0049395589157938,0.9375218556941368,0.0864485981308411,0.2032967032967033,0.121311475409836,,8006,391,145,37,0.9544235924932976,0.3176265270506108,1.0,0.4821192052980133,8006,391,0,182
Q95.000,0.0067948073847219,0.953374519174729,0.1188811188811188,0.1868131868131868,0.1452991452991453,,8145,252,148,34,0.9706259470800792,0.4193548387096774,1.0,0.5909090909090909,8145,252,0,182
Q96.000,0.0778204649686813,0.9653805804872364,0.1140939597315436,0.0934065934065934,0.1027190332326284,,8265,132,165,17,0.9846135913276606,0.5796178343949044,1.0,0.7338709677419354,8265,132,0,182
Q97.000,0.311925537884236,0.9681781093367524,0.09009009009009,0.0549450549450549,0.068259385665529,,8296,101,172,10,0.988227066091619,0.6431095406360424,1.0,0.7827956989247311,8296,101,0,182
Q98.000,0.9705120325088552,0.9733069122275324,0.1492537313432835,0.0549450549450549,0.0803212851405622,,8340,57,172,10,0.9933558689823988,0.7615062761506276,1.0,0.8646080760095012,8340,57,0,182
Q99.000,8.993314027787543,0.9769203869914908,0.2777777777777778,0.0549450549450549,0.091743119266055,,8371,26,172,10,0.9969693437463574,0.875,1.0,0.9333333333333332,8371,26,0,182
Q100.000,46.90579605102539,0.9786688425224384,0.4,0.0109890109890109,0.0213903743315508,,8394,3,180,2,0.9996503088938103,0.9837837837837838,1.0,0.9918256130790192,8394,3,0,182
Q_off_f1_best,15.779011726379396,0.9780860240121226,0.3846153846153846,0.0549450549450549,0.0961538461538461,0.6001338782689265,8381,16,172,10,0.9981349807669893,0.9191919191919192,1.0,0.9578947368421054,8381,16,0,182
