,tau,Accuracy,Precision,Recall,F1,ROC_AUC,tn,fp,fn,tp,Accuracy_PA,Precision_PA,Recall_PA,F1_PA,tn_PA,fp_PA,fn_PA,tp_PA
Q90.000,0.0128100744448602,0.3164214002964978,0.1463022463081186,0.9585043236113148,0.2538568097954113,0.8308612310297927,90045,305290,2265,52319,0.3184684354294884,0.1484952444704766,0.9753773999706874,0.2577496768446481,90045,305290,1344,53240
Q91.000,0.0148107624705881,0.3240472173880187,0.1476419090652358,0.9577898285211784,0.2558455921934795,0.8319344832600604,93515,301820,2304,52280,0.3261809347904845,0.149946487917535,0.9753773999706874,0.2599330150081534,93515,301820,1344,53240
Q92.000,0.0174801621586084,0.3322842556104543,0.149029181657244,0.9561959548585666,0.2578680052568651,0.8338573325380206,97308,298027,2391,52193,0.3346113411525185,0.1515656181764868,0.9753773999706874,0.2623622955222483,97308,298027,1344,53240
Q93.000,0.0217355194129049,0.3396322449151958,0.1503425526516112,0.9552249743514584,0.2597959102323912,0.841667928922102,100667,294668,2444,52140,0.3420771294388545,0.1530289616795244,0.9753773999706874,0.2645518420241893,100667,294668,1344,53240
Q94.000,0.029496150016785,0.5647816606989258,0.2036975650283863,0.8893631833504324,0.3314749251458673,0.8725287554839445,205561,189774,6039,48545,0.57521687237036,0.2190820281959064,0.9753773999706874,0.3577981034818782,205561,189774,1344,53240
Q95.000,0.0425837520509961,0.7577941807303092,0.3127938594981585,0.8324417411695735,0.4547233161036582,0.8864725697992261,295508,99827,9146,45438,0.7735325691957886,0.3447350110931695,0.962168400996629,0.5076016044072875,295508,99827,2065,52519
Q96.000,0.0614533685147762,0.7962899988664627,0.3519762324998203,0.8074160926278763,0.4902417726658398,0.8828080300191812,314194,81141,10512,44072,0.8150644893858673,0.3929298219362562,0.962168400996629,0.5579885680287286,314194,81141,2065,52519
Q97.000,0.090866219326854,0.8873819509733974,0.5254462022436855,0.7405283599589624,0.614716639672727,0.8923609145938655,358829,36506,14163,40421,0.9142712354890546,0.5899354114012918,0.962168400996629,0.7314165546727573,358829,36506,2065,52519
Q98.000,0.1509856832027437,0.9263178483238094,0.6981418138115929,0.6917594899604279,0.6949359983067848,0.8839554748232131,379009,16326,16825,37759,0.9586303312374004,0.7620914270725558,0.95810127509893,0.848929038122834,379009,16326,2287,52297
Q99.000,0.2887879952788361,0.9439254621387404,0.822561149814298,0.6857137622746592,0.7479293015076882,0.888749173150822,387261,8074,17155,37429,0.973310751490824,0.8625093658470131,0.9279275978308662,0.8940233699297488,387261,8074,3934,50650
Q99.100,0.3265721102058888,0.9496264883234538,0.8730540881679211,0.6842847720943867,0.7672288067703306,0.885491958014907,389904,5431,17233,37351,0.9791851422144876,0.9031579322765286,0.9279275978308662,0.915375231554692,389904,5431,3934,50650
Q99.200,0.3772121183872224,0.9524203245473074,0.9006980844947946,0.6831305877180126,0.7769709219340925,0.8862904369729558,391224,4111,17296,37288,0.979965282639764,0.923575996430696,0.910175142899018,0.9168266036760908,391224,4111,4903,49681
Q99.300,0.3986077284514904,0.953031545678222,0.9077721975717976,0.6821596072109043,0.7789585991924856,0.8862540014916118,391552,3783,17349,37235,0.9793340579082012,0.9284227654582607,0.898963066099956,0.913455452548494,391552,3783,5515,49069
Q99.400,0.4412522242665292,0.9538116861034986,0.9165701328469672,0.6812985490253555,0.7816135439326587,0.8879811094597025,391950,3385,17396,37188,0.9802186615813068,0.9354672665573646,0.898963066099956,0.9168519591173228,391950,3385,5515,49069
Q99.500,0.4652181577682497,0.954345115454115,0.9224850455459308,0.6808955005129709,0.7834895070251809,0.8867081363265936,392212,3123,17418,37166,0.9808009886223964,0.9401632434089516,0.898963066099956,0.9191016707874428,392212,3123,5515,49069
Q99.600,0.5371933808326722,0.9555208826477656,0.9359427015030768,0.679906199618936,0.7876395432743325,0.8876815279084898,392795,2540,17472,37112,0.9744020590372934,0.947244895839824,0.8355378865601641,0.8878916782665408,392795,2540,8977,45607
Q99.700,0.695827704429627,0.9556653530968908,0.9580038611059688,0.6636560164150667,0.7841163674145264,0.8867668659488167,393747,1588,18359,36225,0.974219804009166,0.9655986655401746,0.8165946064780888,0.8848677353714824,393747,1588,10011,44573
Q99.800,1.2076626536846164,0.95488299004932,0.9747168452826008,0.6448409790414773,0.7761839131153866,0.8860523189331145,394422,913,19386,35198,0.9757200740577748,0.9799278899001892,0.8165946064780888,0.8908364145098431,394422,913,10011,44573
Q99.900,1.7993713855743425,0.9544984763924172,0.9842978022602078,0.6350762128096146,0.7720318033005946,0.885021896188533,394782,553,19919,34665,0.9723216845698892,0.9872100284478572,0.7819873955737945,0.8726960468611035,394782,553,11900,42684
Q99.910,1.847392544305322,0.9545118121261827,0.9846031475484348,0.6349846108749817,0.7720580045886887,0.8859571432637028,394793,542,19924,34660,0.9717704742409188,0.987385668070845,0.7772424153598124,0.8698014371969534,394793,542,12159,42425
Q99.920,1.8958708703994571,0.9537716789022024,0.985458516538782,0.6282243880990767,0.7672995379331178,0.8856536063097417,394829,506,20293,34291,0.9709592171035232,0.9881025158711496,0.769895940202257,0.8654570916654654,394829,506,12560,42024
Q99.930,1.94529084212778,0.9537961277474388,0.9857701374116024,0.6282243880990767,0.7673939800828018,0.8857268225623811,394840,495,20293,34291,0.9709836659487596,0.9883581457701264,0.769895940202257,0.8655551321792323,394840,495,12560,42024
Q99.940,1.998137712979275,0.95380724085891,0.9861075157476916,0.6280961453905907,0.7674004767713848,0.8866557424807132,394852,483,20300,34284,0.9703857805516104,0.9885615497560744,0.7647479114758904,0.8623695899183969,394852,483,12841,41743
Q99.950,2.1589661912918103,0.9538694742831488,0.9870986321094312,0.6279679026821047,0.7676046087180464,0.8860442612021324,394887,448,20307,34277,0.9693944910083816,0.9892591704627188,0.7559358053642093,0.8570004361642469,394887,448,13322,41262
Q99.960,2.5123711229323136,0.9540094994876857,0.9895989830116724,0.6275098930089403,0.7680165029821966,0.88377632411393,394975,360,20332,34252,0.9680409140311924,0.9912034208918754,0.7431664956763887,0.8494487430503932,394975,360,14019,40565
Q99.970,3.118272536325401,0.9540784007788068,0.990968825078878,0.6271984464311886,0.7681951285186973,0.8831022046615578,395023,312,20349,34235,0.9671629782249694,0.9922837216204184,0.7350505642679174,0.844513671093898,395023,312,14462,40122
Q99.980,4.72274449129065,0.9541317437138684,0.9920568198289608,0.6269419610142166,0.7683292358468325,0.8831191166399206,395061,274,20363,34221,0.963511209795541,0.9929226398036936,0.70425399384435,0.824038842860052,395061,274,16143,38441
Q99.990,9.075223175620549,0.9507133506253348,0.9952021513919872,0.5966217206507402,0.7460112018509397,0.8847828740043352,395178,157,22018,32566,0.9616997726257392,0.9958317846333564,0.687179393228785,0.8132032520325202,395178,157,17075,37509
Q100.000,18.428876876822176,0.9490019314587737,0.9973590719024116,0.5811776344716401,0.7344052042458127,0.8850757592429255,395251,84,22861,31723,0.958285824781794,0.9976656291685192,0.6577018906639308,0.7927744898860525,395251,84,18684,35900
Q_off_f1_best,6.95352029800415,0.95104674396947,0.9950734422041784,0.5994613806243588,0.7481907462242904,0.884961910041764,395173,162,21863,32721,0.961688659514268,0.995699609779406,0.687179393228785,0.8131591783643163,395173,162,17075,37509
