,tau,Accuracy,Precision,Recall,F1,tn,fp,fn,tp,Accuracy_PA,Precision_PA,Recall_PA,F1_PA,tn_PA,fp_PA,fn_PA,tp_PA
90.0,0.0128100789152086,0.3164214002964978,0.1463022463081186,0.9585043236113148,0.2538568097954113,90045.0,305290.0,2265.0,52319.0,0.3184684354294884,0.1484952444704766,0.9753773999706874,0.2577496768446481,90045.0,305290.0,1344.0,53240.0
91.0,0.014810760775581,0.3240472173880187,0.1476419090652358,0.9577898285211784,0.2558455921934795,93515.0,301820.0,2304.0,52280.0,0.3261809347904845,0.149946487917535,0.9753773999706874,0.2599330150081534,93515.0,301820.0,1344.0,53240.0
92.0,0.0174801521748304,0.3322842556104543,0.149029181657244,0.9561959548585666,0.2578680052568651,97308.0,298027.0,2391.0,52193.0,0.3346113411525185,0.1515656181764868,0.9753773999706874,0.2623622955222483,97308.0,298027.0,1344.0,53240.0
93.0,0.0217355258576571,0.3396322449151958,0.1503425526516112,0.9552249743514584,0.2597959102323912,100667.0,294668.0,2444.0,52140.0,0.3420771294388545,0.1530289616795244,0.9753773999706874,0.2645518420241893,100667.0,294668.0,1344.0,53240.0
94.0,0.0294961227849129,0.5647816606989258,0.2036975650283863,0.8893631833504324,0.3314749251458673,205561.0,189774.0,6039.0,48545.0,0.57521687237036,0.2190820281959064,0.9753773999706874,0.3577981034818782,205561.0,189774.0,1344.0,53240.0
95.0,0.0425837770104411,0.6428868307406445,0.2354229222988138,0.8647039425472666,0.370086642882346,242048.0,153287.0,7385.0,47199.0,0.6547111813459756,0.2551869236076693,0.962168400996629,0.4033872268520296,242048.0,153287.0,2065.0,52519.0
96.0,0.0614533540606498,0.7937584320733287,0.3499033611464668,0.8158984317748791,0.4897669661611551,312592.0,82743.0,10049.0,44535.0,0.8115038484705025,0.3882760864100782,0.962168400996629,0.5532800269692277,312592.0,82743.0,2065.0,52519.0
97.0,0.090866241231561,0.8870974553197354,0.5252322002052157,0.722098050710831,0.6081294791980066,359707.0,35628.0,15169.0,39415.0,0.9162226978633932,0.5958115420831112,0.962168400996629,0.7359158136634649,359707.0,35628.0,2065.0,52519.0
98.0,0.1509855201840402,0.9263845269926364,0.6985292757376745,0.6917594899604279,0.695127900661825,379039.0,16296.0,16825.0,37759.0,0.9586970099062276,0.7624247372180835,0.95810127509893,0.8491357964555071,379039.0,16296.0,2287.0,52297.0
99.0,0.2887880259752282,0.9439232395164464,0.8225572502307591,0.6856954418877327,0.747916791559259,387261.0,8074.0,17156.0,37428.0,0.973310751490824,0.8625093658470131,0.9279275978308662,0.8940233699297488,387261.0,8074.0,3934.0,50650.0
99.1,0.3265721215903759,0.9496353788126308,0.8731182795698925,0.6843030924813132,0.767265108253564,389907.0,5428.0,17232.0,37352.0,0.9791918100813702,0.9032062484396732,0.9279275978308662,0.9154000469899332,389907.0,5428.0,3934.0,50650.0
99.2,0.3772119693756104,0.9523958757020708,0.9008460236886632,0.6827641799794811,0.7767888780040437,391233.0,4102.0,17316.0,37268.0,0.979985286240412,0.9237305468270643,0.910175142899018,0.9169027471462716,391233.0,4102.0,4903.0,49681.0
99.3,0.3986077880561351,0.9530337683005164,0.9077744459884444,0.6821779275978309,0.7789713711912807,391552.0,3783.0,17348.0,37236.0,0.9793340579082012,0.9284227654582607,0.898963066099956,0.913455452548494,391552.0,3783.0,5515.0,49069.0
99.4,0.4412521050572396,0.9538672516608544,0.9170941014006708,0.6813351897992086,0.7818281197443661,391973.0,3362.0,17394.0,37190.0,0.9802697818940744,0.9358776296465832,0.898963066099956,0.9170490118207728,391973.0,3362.0,5515.0,49069.0
99.5,0.4652183344960214,0.9543295570980554,0.922345758673748,0.6808771801260443,0.7834271380088111,392206.0,3129.0,17419.0,37165.0,0.980787652888631,0.9400551745277596,0.898963066099956,0.9190500271581352,392206.0,3129.0,5515.0,49069.0
99.51,0.468340265718102,0.9545029216370058,0.9242401631597276,0.6807855781914114,0.7840489503112142,392289.0,3046.0,17424.0,37160.0,0.9809721305390526,0.9415523361796028,0.898963066099956,0.9197649462506676,392289.0,3046.0,5515.0,49069.0
99.52,0.4719330085754382,0.9545673776835386,0.9249072852627124,0.6807855781914114,0.7842888952206076,392318.0,3017.0,17424.0,37160.0,0.9810365865855856,0.9420765656798372,0.898963066099956,0.9200149995312648,392318.0,3017.0,5515.0,49069.0
99.53,0.4777457927614448,0.954674063553662,0.9260560747663552,0.6807489374175583,0.7846772745990348,392368.0,2967.0,17426.0,37158.0,0.9811477177002972,0.9429817818433393,0.898963066099956,0.9204464453198272,392368.0,2967.0,5515.0,49069.0
99.54,0.4849378458082666,0.9547540779562544,0.9270581189329472,0.6806023743221457,0.7849393071827757,392412.0,2923.0,17434.0,37150.0,0.9812455130812436,0.943779812278812,0.898963066099956,0.920826452484612,392412.0,2923.0,5515.0,49069.0
99.55,0.492432812660929,0.9548518733372008,0.9281199250468456,0.6805657335482925,0.7852952678920609,392458.0,2877.0,17436.0,37148.0,0.9813477537067784,0.9446155623147114,0.898963066099956,0.9212240683375575,392458.0,2877.0,5515.0,49069.0
99.56,0.5013154654741279,0.9550030116532088,0.929871560551814,0.6804191704528799,0.7858238561227189,392534.0,2801.0,17444.0,37140.0,0.9801808770023048,0.9453665957986308,0.8879525135570864,0.9157605358374348,392534.0,2801.0,6116.0,48468.0
99.57,0.5100144625365659,0.955167485702982,0.9317058484080588,0.680327568518247,0.7864169163816562,392613.0,2722.0,17449.0,37135.0,0.977753773457,0.94558067934185,0.8664993404660707,0.9043144078085714,392613.0,2722.0,7287.0,47297.0
99.58,0.5222223138570777,0.9554097515330536,0.9344357193194402,0.6801810054228346,0.7872895373001398,392730.0,2605.0,17457.0,37127.0,0.9780138202654256,0.9477976834595808,0.8664993404660707,0.905327029458492,392730.0,2605.0,7287.0,47297.0
99.59,0.5303136337280256,0.9554964338025288,0.9355293999042268,0.6800344423274219,0.7875791684790104,392777.0,2558.0,17465.0,37119.0,0.9781182835132546,0.9486912044930298,0.8664993404660707,0.9057344478595162,392777.0,2558.0,7287.0,47297.0
99.6,0.5371934030055987,0.955516437403177,0.9358954960407524,0.679906199618936,0.7876228273095779,392793.0,2542.0,17472.0,37112.0,0.974397613792705,0.9472055494402792,0.8355378865601641,0.8878743928435848,392793.0,2542.0,8977.0,45607.0
99.61,0.5431294944882252,0.9555853386942984,0.9368482185693005,0.6797229957496702,0.7878369626381561,392834.0,2501.0,17482.0,37102.0,0.9744887413067684,0.9480128045231564,0.8355378865601641,0.8882288785884004,392834.0,2501.0,8977.0,45607.0
99.62,0.5482056881427758,0.95626323849404,0.9445038712306438,0.6794115491719185,0.7903205182848863,393156.0,2179.0,17499.0,37085.0,0.9789606573627696,0.9559584444983428,0.8664993404660707,0.9090332500480492,393156.0,2179.0,7287.0,47297.0
99.63,0.5552768022775625,0.9551830440590418,0.9448867748940132,0.6696467829400556,0.7838058069219883,393203.0,2132.0,18032.0,36552.0,0.9753088889333412,0.9553404972873332,0.8355378865601641,0.8914320338535813,393203.0,2132.0,8977.0,45607.0
99.64,0.5622749481200903,0.9549118841391452,0.9453360340708424,0.6669170452879964,0.7820865380483821,393230.0,2105.0,18181.0,36403.0,0.9753688997352856,0.9558811200536552,0.8355378865601641,0.8916673183702197,393230.0,2105.0,8977.0,45607.0
99.65,0.5718634654581318,0.955051909343682,0.9473273101257584,0.6665689579363916,0.7825273413556151,393312.0,2023.0,18200.0,36384.0,0.9749199300318502,0.9572719976344358,0.8303348966730177,0.8892965760816246,393312.0,2023.0,9261.0,45323.0
99.66,0.5848179096579468,0.9551385916131572,0.9485474364992438,0.6663674336801994,0.7828042612719252,393362.0,1973.0,18211.0,36373.0,0.975031061146562,0.95828399864682,0.8303348966730177,0.8897330192383195,393362.0,1973.0,9261.0,45323.0
99.67,0.6017285447537617,0.9552963977960476,0.950825246527687,0.6659643851678148,0.7833001131282659,393455.0,1880.0,18233.0,36351.0,0.9744220626379416,0.9598599368007515,0.8236113146709658,0.8865312561624926,393455.0,1880.0,9628.0,44956.0
99.68,0.6312415610313136,0.9555031016694115,0.953691063740418,0.6655430162685035,0.7839785920842505,393571.0,1764.0,18256.0,36328.0,0.9738286224853808,0.9619310702030774,0.8165946064780888,0.8833245806125583,393571.0,1764.0,10011.0,44573.0
99.69,0.6626264865755832,0.9556520173631252,0.9559230100845204,0.6651216473691924,0.7844387066106329,393661.0,1674.0,18279.0,36305.0,0.9740286584918618,0.9638030574956212,0.8165946064780888,0.8841130207971755,393661.0,1674.0,10011.0,44573.0
99.7,0.6958277280926445,0.9556653530968908,0.9580038611059688,0.6636560164150667,0.7841163674145264,393747.0,1588.0,18359.0,36225.0,0.974219804009166,0.9655986655401746,0.8165946064780888,0.8848677353714824,393747.0,1588.0,10011.0,44573.0
99.8,1.2076626770496373,0.95488299004932,0.9747168452826008,0.6448409790414773,0.7761839131153866,394422.0,913.0,19386.0,35198.0,0.9757200740577748,0.9799278899001892,0.8165946064780888,0.8908364145098431,394422.0,913.0,10011.0,44573.0
99.9,1.7993706235885636,0.954485140658652,0.9841301385419032,0.6350762128096146,0.7719802244788883,394776.0,559.0,19919.0,34665.0,0.9723083488361238,0.9870730522859192,0.7819873955737945,0.872642522003128,394776.0,559.0,11900.0,42684.0
100.0,18.428874969482425,0.9490019314587737,0.9973590719024116,0.5811776344716401,0.7344052042458127,395251.0,84.0,22861.0,31723.0,0.958285824781794,0.9976656291685192,0.6577018906639308,0.7927744898860525,395251.0,84.0,18684.0,35900.0
Qbest,6.95352029800415,0.95104674396947,0.9950734422041784,0.5994613806243588,0.7481907462242904,395173.0,162.0,21863.0,32721.0,0.961688659514268,0.995699609779406,0.687179393228785,0.8131591783643163,395173.0,162.0,17075.0,37509.0
