,tau,Accuracy,Precision,Recall,F1,ROC_AUC,tn,fp,fn,tp,Accuracy_PA,Precision_PA,Recall_PA,F1_PA,tn_PA,fp_PA,fn_PA,tp_PA
Q90.000,0.0128100744448602,0.2940573747719034,0.1426696698573303,0.96200351751429,0.2484874727011596,,79792,315543,2074,52510,0.2981492224155904,0.1469366899706402,0.9957313498461088,0.2560839431018804,79792,315543,233,54351
Q91.000,0.0148107624705881,0.3012808972281677,0.1438762724922341,0.9613989447457132,0.2502951199677574,,83075,312260,2107,52477,0.3045792687128127,0.1473454553398084,0.9885863989447458,0.256465583821485,83075,312260,623,53961
Q92.000,0.0174801621586084,0.3078309651292788,0.1449756162293069,0.96072109042943,0.2519337016574585,,86059,309276,2144,52440,0.3096090629646669,0.1468624833110814,0.9753773999706874,0.2552865020378806,86059,309276,1344,53240
Q93.000,0.0217355194129049,0.3153100891493802,0.1462007241501564,0.9594569837314963,0.2537373091374211,,89493,305842,2213,52371,0.3172415479230706,0.1482669696615257,0.9753773999706874,0.2574057331276924,89493,305842,1344,53240
Q94.000,0.029496150016785,0.3246406575405795,0.1475680551510404,0.9560860325370072,0.2556738709211206,,93875,301460,2397,52187,0.3269810788164092,0.1500986749365661,0.9753773999706874,0.2601616481465193,93875,301460,1344,53240
Q95.000,0.0425837520509961,0.3385809445700226,0.1494999264385589,0.9494357320826616,0.2583237171419101,,100510,294825,2760,51824,0.3417281777386596,0.1529599356442043,0.9753773999706874,0.2644486885600113,100510,294825,1344,53240
Q96.000,0.0614533685147762,0.3503919594415883,0.149880537478236,0.9320496848893448,0.2582349671718005,,106773,288562,3709,50875,0.354045950493311,0.1539780873165025,0.962168400996629,0.2654720533784894,106773,288562,2065,52519
Q97.000,0.090866219326854,0.357344321977956,0.1491715351503023,0.9135827348673604,0.2564666976961867,,110909,284426,4717,49867,0.3632387163022677,0.1558681683954354,0.962168400996629,0.2682764239685949,110909,284426,2065,52519
Q98.000,0.1509856832027437,0.3723825844207513,0.1509914415201184,0.90273706580683,0.2587109866194835,,118267,277068,5309,49275,0.3789793273900413,0.1586433492959542,0.9571119742048952,0.27217338074213,118267,277068,2341,52243
Q99.000,0.2887879952788361,0.408831367423914,0.1586587524059266,0.9000622893155503,0.269764658078828,,134812,260523,5455,49129,0.412705398082766,0.1633680694937298,0.9319947237285652,0.2780050221460794,134812,260523,3712,50872
Q99.100,0.3265721102058888,0.415965984988409,0.1602431031556408,0.8994210757731204,0.2720220747127073,,138057,257278,5490,49094,0.4199178074275592,0.1650884309589485,0.9319947237285652,0.2804920409997409,138057,257278,3712,50872
Q99.200,0.3772121183872224,0.4252721045343717,0.1624187062503102,0.8990546680345889,0.275133224380412,,142264,253071,5510,49074,0.4283148744551797,0.1661966169600084,0.9241352777370658,0.2817273483794938,142264,253071,4141,50443
Q99.300,0.3986077284514904,0.4306530731087151,0.1637171684817424,0.8989447457130295,0.276988732585183,,144691,250644,5516,49068,0.4337091787632885,0.1675362934965641,0.9241352777370658,0.28364977746288,144691,250644,4141,50443
Q99.400,0.4412522242665292,0.4393101869447611,0.1658615245751452,0.8988531437783966,0.2800471473296974,,148591,246744,5521,49063,0.4423774057108057,0.1697348807316605,0.9241352777370658,0.2867945339439578,148591,246744,4141,50443
Q99.500,0.4652181577682497,0.4438821210040029,0.16700484111475,0.898706580682984,0.2816679011707692,,150656,244679,5529,49055,0.4469671207484014,0.1709225337318126,0.9241352777370658,0.2884880442428782,150656,244679,4141,50443
Q99.600,0.5371933808326722,0.454704068954634,0.1697900906733509,0.8984684156529386,0.2856069628417433,,155538,239797,5542,49042,0.4578179627888575,0.1737975468577728,0.9241352777370658,0.2925724427534046,155538,239797,4141,50443
Q99.700,0.695827704429627,0.4649836970654717,0.1722232396945704,0.8958486003224388,0.2889055631705818,,160306,235029,5685,48899,0.4675641615490788,0.1755942880995057,0.9171185695441888,0.2947540722989463,160306,235029,4524,50060
Q99.800,1.2076626536846164,0.5067778866862702,0.1767846518779506,0.8383409057599297,0.2919950228121111,,182249,213086,8824,45760,0.5163351625514815,0.190236598694261,0.9171185695441888,0.3151103137884367,182249,213086,4524,50060
Q99.900,1.7993713855743425,0.554075289107595,0.1894884551600969,0.8163930822218965,0.3075850549086467,,204727,190608,10022,44562,0.5643037969056652,0.2050447925529253,0.9007035028579804,0.3340444903450244,204727,190608,5420,49164
Q99.910,1.847392544305322,0.5579004220759737,0.190742304181434,0.8154037813278616,0.3091638447512373,,206502,188833,10076,44508,0.5682489514779326,0.2065740324457871,0.9007035028579804,0.3360710367385441,206502,188833,5420,49164
Q99.920,1.8958708703994571,0.5616188691742291,0.1919043134951146,0.8139198299868093,0.3105805865287148,,208256,187079,10157,44427,0.5721474309820213,0.2081077534572453,0.9007035028579804,0.3380979070031324,208256,187079,5420,49164
Q99.930,1.94529084212778,0.5656018083254986,0.1930325403812794,0.8113916165909424,0.3118702072374675,,210186,185149,10295,44289,0.5764370920098951,0.2098219048879063,0.9007035028579804,0.340356597680142,210186,185149,5420,49164
Q99.940,1.998137712979275,0.5703204354561598,0.1942785620160334,0.807599296497142,0.3132102953976233,,212516,182819,10502,44082,0.5816158019554631,0.2119293224072453,0.9007035028579804,0.3431239465814277,212516,182819,5420,49164
Q99.950,2.1589661912918103,0.5887348611638984,0.1989865613231927,0.7899384434999267,0.3178949541419681,,221765,173570,11466,43118,0.6021728355548444,0.2207296595939551,0.9007035028579804,0.3545676804246389,221765,173570,5420,49164
Q99.960,2.5123711229323136,0.6587096788533047,0.226591377471808,0.7513373882456398,0.34817786267643,,255355,139980,13573,41011,0.6768307184182042,0.2599289430275345,0.9007035028579804,0.403433335521565,255355,139980,5420,49164
Q99.970,3.118272536325401,0.8412936550801366,0.4091728852363416,0.6941411402608824,0.5148556558841715,,340625,54710,16695,37889,0.8614150547098478,0.4617912092236257,0.8599956031071376,0.6009114416651732,340625,54710,7642,46942
Q99.980,4.72274449129065,0.948684096470698,0.9184069291673308,0.6332808148908105,0.7496475895122638,,392264,3071,20017,34567,0.9646225209426584,0.9314646611171864,0.7646563095412575,0.839857937681728,392264,3071,12846,41738
Q99.990,9.075223175620549,0.952567017618727,0.9923284262906904,0.6137696028140114,0.7584356783066387,,395076,259,21082,33502,0.964531393428595,0.9933834048640916,0.7123882456397479,0.8297413793103448,395076,259,15699,38885
Q100.000,18.428876876822176,0.8786514906016416,0.3725490196078431,0.0003480873516048,0.0006955248467099,,395303,32,54565,19,0.8802117714521948,0.9575033200531208,0.0132089989740583,0.0260585141948425,395303,32,53863,721
Q_off_f1_best,6.95352029800415,0.953116005325403,0.9875669694852084,0.6213725633885387,0.7627968693774739,0.828039753646876,394908,427,20667,33917,0.9652270742066904,0.9892694695046867,0.7212003517514289,0.8342286785975396,394908,427,15218,39366
