,tau,Accuracy,Precision,Recall,F1,tn,fp,fn,tp,Accuracy_PA,Precision_PA,Recall_PA,F1_PA,tn_PA,fp_PA,fn_PA,tp_PA
90.0,0.0128100789152086,0.2940573747719034,0.1426696698573303,0.96200351751429,0.2484874727011596,79792.0,315543.0,2074.0,52510.0,0.2981492224155904,0.1469366899706402,0.9957313498461088,0.2560839431018804,79792.0,315543.0,233.0,54351.0
91.0,0.014810760775581,0.3012808972281677,0.1438762724922341,0.9613989447457132,0.2502951199677574,83075.0,312260.0,2107.0,52477.0,0.3045792687128127,0.1473454553398084,0.9885863989447458,0.256465583821485,83075.0,312260.0,623.0,53961.0
92.0,0.0174801521748304,0.3078309651292788,0.1449756162293069,0.96072109042943,0.2519337016574585,86059.0,309276.0,2144.0,52440.0,0.3096090629646669,0.1468624833110814,0.9753773999706874,0.2552865020378806,86059.0,309276.0,1344.0,53240.0
93.0,0.0217355258576571,0.3153100891493802,0.1462007241501564,0.9594569837314963,0.2537373091374211,89493.0,305842.0,2213.0,52371.0,0.3172415479230706,0.1482669696615257,0.9753773999706874,0.2574057331276924,89493.0,305842.0,1344.0,53240.0
94.0,0.0294961227849129,0.3246406575405795,0.1475680551510404,0.9560860325370072,0.2556738709211206,93875.0,301460.0,2397.0,52187.0,0.3269810788164092,0.1500986749365661,0.9753773999706874,0.2601616481465193,93875.0,301460.0,1344.0,53240.0
95.0,0.0425837770104411,0.3385809445700226,0.1494999264385589,0.9494357320826616,0.2583237171419101,100510.0,294825.0,2760.0,51824.0,0.3417281777386596,0.1529599356442043,0.9753773999706874,0.2644486885600113,100510.0,294825.0,1344.0,53240.0
96.0,0.0614533540606498,0.3503919594415883,0.149880537478236,0.9320496848893448,0.2582349671718005,106773.0,288562.0,3709.0,50875.0,0.354045950493311,0.1539780873165025,0.962168400996629,0.2654720533784894,106773.0,288562.0,2065.0,52519.0
97.0,0.090866241231561,0.357344321977956,0.1491715351503023,0.9135827348673604,0.2564666976961867,110909.0,284426.0,4717.0,49867.0,0.3632387163022677,0.1558681683954354,0.962168400996629,0.2682764239685949,110909.0,284426.0,2065.0,52519.0
98.0,0.1509855201840402,0.3723825844207513,0.1509914415201184,0.90273706580683,0.2587109866194835,118267.0,277068.0,5309.0,49275.0,0.3789793273900413,0.1586433492959542,0.9571119742048952,0.27217338074213,118267.0,277068.0,2341.0,52243.0
99.0,0.2887880259752282,0.408831367423914,0.1586587524059266,0.9000622893155503,0.269764658078828,134812.0,260523.0,5455.0,49129.0,0.412705398082766,0.1633680694937298,0.9319947237285652,0.2780050221460794,134812.0,260523.0,3712.0,50872.0
99.1,0.3265721215903759,0.415965984988409,0.1602431031556408,0.8994210757731204,0.2720220747127073,138057.0,257278.0,5490.0,49094.0,0.4199178074275592,0.1650884309589485,0.9319947237285652,0.2804920409997409,138057.0,257278.0,3712.0,50872.0
99.2,0.3772119693756104,0.4252721045343717,0.1624187062503102,0.8990546680345889,0.275133224380412,142264.0,253071.0,5510.0,49074.0,0.4283148744551797,0.1661966169600084,0.9241352777370658,0.2817273483794938,142264.0,253071.0,4141.0,50443.0
99.3,0.3986077880561351,0.4306530731087151,0.1637171684817424,0.8989447457130295,0.276988732585183,144691.0,250644.0,5516.0,49068.0,0.4337091787632885,0.1675362934965641,0.9241352777370658,0.28364977746288,144691.0,250644.0,4141.0,50443.0
99.4,0.4412521050572396,0.4393101869447611,0.1658615245751452,0.8988531437783966,0.2800471473296974,148591.0,246744.0,5521.0,49063.0,0.4423774057108057,0.1697348807316605,0.9241352777370658,0.2867945339439578,148591.0,246744.0,4141.0,50443.0
99.5,0.4652183344960214,0.4438821210040029,0.16700484111475,0.898706580682984,0.2816679011707692,150656.0,244679.0,5529.0,49055.0,0.4469671207484014,0.1709225337318126,0.9241352777370658,0.2884880442428782,150656.0,244679.0,4141.0,50443.0
99.6,0.5371934030056,0.454704068954634,0.1697900906733509,0.8984684156529386,0.2856069628417433,155538.0,239797.0,5542.0,49042.0,0.4578179627888575,0.1737975468577728,0.9241352777370658,0.2925724427534046,155538.0,239797.0,4141.0,50443.0
99.7,0.6958277280926711,0.4649836970654717,0.1722232396945704,0.8958486003224388,0.2889055631705818,160306.0,235029.0,5685.0,48899.0,0.4675641615490788,0.1755942880995057,0.9171185695441888,0.2947540722989463,160306.0,235029.0,4524.0,50060.0
99.8,1.2076626770496373,0.5067778866862702,0.1767846518779506,0.8383409057599297,0.2919950228121111,182249.0,213086.0,8824.0,45760.0,0.5163351625514815,0.190236598694261,0.9171185695441888,0.3151103137884367,182249.0,213086.0,4524.0,50060.0
99.9,1.7993706235885636,0.554075289107595,0.1894884551600969,0.8163930822218965,0.3075850549086467,204727.0,190608.0,10022.0,44562.0,0.5643037969056652,0.2050447925529253,0.9007035028579804,0.3340444903450244,204727.0,190608.0,5420.0,49164.0
99.91,1.8473922206997848,0.5579004220759737,0.190742304181434,0.8154037813278616,0.3091638447512373,206502.0,188833.0,10076.0,44508.0,0.5682489514779326,0.2065740324457871,0.9007035028579804,0.3360710367385441,206502.0,188833.0,5420.0,49164.0
99.92,1.8958708993911568,0.5616188691742291,0.1919043134951146,0.8139198299868093,0.3105805865287148,208256.0,187079.0,10157.0,44427.0,0.5721474309820213,0.2081077534572453,0.9007035028579804,0.3380979070031324,208256.0,187079.0,5420.0,49164.0
99.93,1.9452909237742224,0.5656018083254986,0.1930325403812794,0.8113916165909424,0.3118702072374675,210186.0,185149.0,10295.0,44289.0,0.5764370920098951,0.2098219048879063,0.9007035028579804,0.340356597680142,210186.0,185149.0,5420.0,49164.0
99.94,1.998138490652996,0.5703204354561598,0.1942785620160334,0.807599296497142,0.3132102953976233,212516.0,182819.0,10502.0,44082.0,0.5816158019554631,0.2119293224072453,0.9007035028579804,0.3431239465814277,212516.0,182819.0,5420.0,49164.0
99.95,2.158966286540033,0.5887348611638984,0.1989865613231927,0.7899384434999267,0.3178949541419681,221765.0,173570.0,11466.0,43118.0,0.6021728355548444,0.2207296595939551,0.9007035028579804,0.3545676804246389,221765.0,173570.0,5420.0,49164.0
99.96,2.5123707129477246,0.6587096788533047,0.226591377471808,0.7513373882456398,0.34817786267643,255355.0,139980.0,13573.0,41011.0,0.6768307184182042,0.2599289430275345,0.9007035028579804,0.403433335521565,255355.0,139980.0,5420.0,49164.0
99.97,3.118272755813545,0.8412936550801366,0.4091728852363416,0.6941411402608824,0.5148556558841715,340625.0,54710.0,16695.0,37889.0,0.8614150547098478,0.4617912092236257,0.8599956031071376,0.6009114416651732,340625.0,54710.0,7642.0,46942.0
99.98,4.722744796561799,0.948684096470698,0.9184069291673308,0.6332808148908105,0.7496475895122638,392264.0,3071.0,20017.0,34567.0,0.9646225209426584,0.9314646611171864,0.7646563095412575,0.839857937681728,392264.0,3071.0,12846.0,41738.0
99.99,9.075223480891696,0.952567017618727,0.9923284262906904,0.6137696028140114,0.7584356783066387,395076.0,259.0,21082.0,33502.0,0.964531393428595,0.9933834048640916,0.7123882456397479,0.8297413793103448,395076.0,259.0,15699.0,38885.0
100.0,18.428874969473544,0.8786514906016416,0.3725490196078431,0.0003480873516048,0.0006955248467099,395303.0,32.0,54565.0,19.0,0.8802117714521948,0.9575033200531208,0.0132089989740583,0.0260585141948425,395303.0,32.0,53863.0,721.0
Qbest,6.95352029800415,0.9531137827031088,0.9875666074600356,0.6213542430016122,0.7627829568072689,394908.0,427.0,20668.0,33916.0,0.9652270742066904,0.9892694695046867,0.7212003517514289,0.8342286785975396,394908.0,427.0,15218.0,39366.0
