,tau,Accuracy,Precision,Recall,F1,ROC_AUC,tn,fp,fn,tp,Accuracy_PA,Precision_PA,Recall_PA,F1_PA,tn_PA,fp_PA,fn_PA,tp_PA
Q90.000,1.049733114242554,0.8293587258784866,0.0084119400547184,0.9237668161434978,0.0166720621560375,0.9488607381426876,117898,24283,17,206,0.8293587258784866,0.0084119400547184,0.9237668161434978,0.0166720621560375,117898,24283,17,206
Q91.000,1.1002244877815248,0.8475113058621949,0.0093598758104282,0.9192825112107624,0.0185310734463276,0.9488607381426876,120484,21697,18,205,0.8475113058621949,0.0093598758104282,0.9192825112107624,0.0185310734463276,120484,21697,18,205
Q92.000,1.1634531593322754,0.8675879891014298,0.0106623247019276,0.9103139013452914,0.0210777697020039,0.9488607381426876,123345,18836,20,203,0.8675879891014298,0.0106623247019276,0.9103139013452914,0.0210777697020039,123345,18836,20,203
Q93.000,1.250135350227357,0.8905227381253336,0.0127465279979707,0.9013452914798208,0.0251375687843921,0.9488607381426876,126613,15568,22,201,0.8905227381253336,0.0127465279979707,0.9013452914798208,0.0251375687843921,126613,15568,22,201
Q94.000,1.3632511043548594,0.9131485070644084,0.0157882146559285,0.8878923766816144,0.0310247571294265,0.9488607381426876,129838,12343,25,198,0.9131485070644084,0.0157882146559285,0.8878923766816144,0.0310247571294265,129838,12343,25,198
Q95.000,1.5029648780822762,0.9321578045560518,0.0196457654723127,0.8654708520179372,0.0384194286851796,0.9488607381426876,132550,9631,30,193,0.9321578045560518,0.0196457654723127,0.8654708520179372,0.0384194286851796,132550,9631,30,193
Q96.000,1.6698637533187926,0.9465464453245696,0.024211204121056,0.8430493273542601,0.0470706059088632,0.9488607381426876,134604,7577,35,188,0.9465464453245696,0.024211204121056,0.8430493273542601,0.0470706059088632,134604,7577,35,188
Q97.000,1.952816026210785,0.9608789078958456,0.0313704872064493,0.8026905829596412,0.0603811772642941,0.9488607381426876,136654,5527,44,179,0.9608789078958456,0.0313704872064493,0.8026905829596412,0.0603811772642941,136654,5527,44,179
Q98.000,2.572920169830331,0.97464256622005,0.0436422413793103,0.726457399103139,0.0823379923761118,0.9488607381426876,138631,3550,61,162,0.9746566107693604,0.0441572428648357,0.7354260089686099,0.0833121666243332,138631,3550,59,164
Q99.000,4.342496109008796,0.986657678155108,0.0630536737884314,0.5426008968609866,0.1129785247432306,0.9488607381426876,140383,1798,102,121,0.9866717227044184,0.0640291514836022,0.5515695067264574,0.1147388059701492,140383,1798,100,123
Q99.100,4.706657453536999,0.9877110193533888,0.0654524758110415,0.515695067264574,0.1161616161616161,0.9488607381426876,140539,1642,108,115,0.9877250639026992,0.0665150653780557,0.5246636771300448,0.1180625630676084,140539,1642,106,117
Q99.200,5.064342563629146,0.9885817814106346,0.0672424429364589,0.4887892376681614,0.1182212581344902,0.9488607381426876,140669,1512,114,109,0.988595825959945,0.0683918669131238,0.4977578475336323,0.1202600216684724,140669,1512,112,111
Q99.300,5.545552494049037,0.9897755681020196,0.070383275261324,0.452914798206278,0.1218335343787695,0.9488607381426876,140847,1334,122,101,0.98978961265133,0.0716771050800278,0.4618834080717489,0.1240963855421687,140847,1334,120,103
Q99.400,6.145455215453945,0.99081486475099,0.0738413197172034,0.42152466367713,0.1256684491978609,0.9488607381426876,141002,1179,129,94,0.9908289093003004,0.0752941176470588,0.4304932735426009,0.1281708945260347,141002,1179,127,96
Q99.500,6.844173007011332,0.9921561192101346,0.0767045454545454,0.3632286995515695,0.1266614542611415,0.9488607381426876,141206,975,142,81,0.992170163759445,0.0784499054820415,0.3721973094170404,0.1295862607338017,141206,975,140,83
Q99.600,7.78644630432127,0.993258616331002,0.0788571428571428,0.3094170403587444,0.1256830601092896,0.9488607381426876,141375,806,154,69,0.9932726608803124,0.080957810718358,0.3183856502242152,0.1290909090909091,141375,806,152,71
Q99.700,9.360205757141092,0.9944453807477318,0.0823529411764705,0.2511210762331838,0.1240310077519379,0.9488607381426876,141557,624,167,56,0.9944734698463528,0.087719298245614,0.2690582959641255,0.1323042998897464,141557,624,163,60
Q99.800,11.575624816894358,0.9954987219460129,0.0933852140077821,0.2152466367713004,0.1302578018995929,0.9488607381426876,141715,466,175,48,0.995505744220668,0.0951456310679611,0.2197309417040358,0.1327913279132791,141715,466,174,49
Q99.900,16.843642013549648,0.9968469986798124,0.1331168831168831,0.1838565022421524,0.1544256120527307,0.9488607381426876,141914,267,182,41,0.996868065503778,0.1414790996784566,0.1973094170403587,0.1647940074906367,141914,267,179,44
Q99.910,17.459129741668637,0.99693828825033,0.1389830508474576,0.1838565022421524,0.1583011583011583,0.9488607381426876,141927,254,182,41,0.9969593550742956,0.1476510067114094,0.1973094170403587,0.1689059500959693,141927,254,179,44
Q99.920,18.320219812011658,0.9970646891941236,0.1454545454545454,0.179372197309417,0.1606425702811244,0.9488607381426876,141946,235,183,40,0.9970857560180894,0.1546762589928057,0.1928251121076233,0.1716566866267465,141946,235,180,43
Q99.930,20.458319673537737,0.9972542906098144,0.1612903225806451,0.179372197309417,0.1698513800424628,0.9488607381426876,141973,208,183,40,0.99727535743378,0.1713147410358565,0.1928251121076233,0.1814345991561181,141973,208,180,43
Q99.940,22.103023851776,0.9974228252015392,0.1756756756756756,0.1748878923766816,0.1752808988764045,0.9488607381426876,141998,183,184,39,0.9974368697508496,0.1830357142857142,0.1838565022421524,0.1834451901565995,141998,183,182,41
Q99.950,25.22818045043937,0.9976054043425746,0.1758241758241758,0.1434977578475336,0.1580246913580247,0.9488607381426876,142031,150,191,32,0.997619448891885,0.1847826086956521,0.1524663677130044,0.167076167076167,142031,150,189,34
Q99.960,27.327824279785105,0.997717760737058,0.1890243902439024,0.1390134529147982,0.1602067183462532,0.9488607381426876,142048,133,192,31,0.9977388275610236,0.2035928143712574,0.1524663677130044,0.1743589743589743,142048,133,189,34
Q99.970,31.28913082923852,0.9978652285048172,0.2086330935251798,0.1300448430493273,0.1602209944751381,0.9488607381426876,142071,110,194,29,0.9978862953287828,0.2253521126760563,0.1434977578475336,0.1753424657534246,142071,110,191,32
Q99.980,39.12325698242181,0.9980197185472318,0.2342342342342342,0.116591928251121,0.155688622754491,0.9488607381426876,142096,85,197,26,0.9980478076458528,0.2608695652173913,0.1345291479820627,0.1775147928994083,142096,85,193,30
Q99.990,44.7547422355651,0.9981039858430945,0.2526315789473684,0.1076233183856502,0.1509433962264151,0.9488607381426876,142110,71,199,24,0.9981461194910256,0.297029702970297,0.1345291479820627,0.1851851851851851,142110,71,193,30
Q100.000,123.56021118059842,0.99830060953344,0.0476190476190476,0.0044843049327354,0.0081967213114754,0.9488607381426876,142161,20,222,1,0.99830060953344,0.0476190476190476,0.0044843049327354,0.0081967213114754,142161,20,222,1
Q_off_f1_best,22.099267959594727,0.9974228252015392,0.1756756756756756,0.1748878923766816,0.1752808988764045,0.9488607381426876,141998,183,184,39,0.9974368697508496,0.1830357142857142,0.1838565022421524,0.1834451901565995,141998,183,182,41
