,tau,Accuracy,Precision,Recall,F1,ROC_AUC,tn,fp,fn,tp,Accuracy_PA,Precision_PA,Recall_PA,F1_PA,tn_PA,fp_PA,fn_PA,tp_PA
Q90.000,1.049733114242554,0.8277576472570995,0.0083741251668756,0.9282511210762332,0.0165985085398123,0.9473495272857376,117669,24512,16,207,0.8277576472570995,0.0083741251668756,0.9282511210762332,0.0165985085398123,117669,24512,16,207
Q91.000,1.1002244877815248,0.846359652818741,0.0093347833967736,0.9237668161434978,0.0184827957471625,0.947331959834056,120319,21862,17,206,0.846359652818741,0.0093347833967736,0.9237668161434978,0.0184827957471625,120319,21862,17,206
Q92.000,1.1634531593322754,0.8664784697059071,0.0106765272642049,0.9192825112107624,0.0211079077429983,0.9471319053528782,123185,18996,18,205,0.8664784697059071,0.0106765272642049,0.9192825112107624,0.0211079077429983,123185,18996,18,205
Q93.000,1.250135350227357,0.8899047779556754,0.0127986886072757,0.9103139013452914,0.0252424769957721,0.9471034252651432,126523,15658,20,203,0.8899047779556754,0.0127986886072757,0.9103139013452914,0.0252424769957721,126523,15658,20,203
Q94.000,1.3632511043548594,0.9123128563804388,0.0157163165376717,0.8923766816143498,0.0308886301901435,0.9470101632281192,129718,12463,24,199,0.9123128563804388,0.0157163165376717,0.8923766816143498,0.0308886301901435,129718,12463,24,199
Q95.000,1.5029648780822762,0.9311957529282884,0.0191824846841418,0.8565022421524664,0.0375245579567779,0.9469123437462694,132415,9766,32,191,0.9311957529282884,0.0191824846841418,0.8565022421524664,0.0375245579567779,132415,9766,32,191
Q96.000,1.6698637533187926,0.9460338192747396,0.0234993614303959,0.8251121076233184,0.0456972556811126,0.9465840973308732,134535,7646,39,184,0.9460338192747396,0.0234993614303959,0.8251121076233184,0.0456972556811126,134535,7646,39,184
Q97.000,1.952816026210785,0.9603311704727396,0.0299722799722799,0.7757847533632287,0.0577147623019182,0.9467418259230804,136582,5599,50,173,0.9603311704727396,0.0299722799722799,0.7757847533632287,0.0577147623019182,136582,5599,50,173
Q98.000,2.572920169830331,0.9739543833038398,0.0393763213530655,0.6681614349775785,0.074369852757674,0.9454980377282628,138546,3635,74,149,0.9739684278531502,0.0398837823560486,0.6771300448430493,0.0753305063606884,138546,3635,72,151
Q99.000,4.342496109008796,0.986109940732002,0.0565942395149065,0.5022421524663677,0.1017257039055404,0.9451567813060112,140314,1867,111,112,0.9861310075559676,0.0580221997981836,0.515695067264574,0.1043083900226757,140314,1867,108,115
Q99.100,4.706657453536999,0.9871983933035589,0.0594713656387665,0.484304932735426,0.1059342815105443,0.9451431247412388,140473,1708,115,108,0.9872194601275244,0.0610225398570643,0.4977578475336323,0.10871694417238,140473,1708,112,111
Q99.200,5.064342563629146,0.9881955563045982,0.0618990384615384,0.4618834080717489,0.1091679915209327,0.9451701855554988,140620,1561,120,103,0.9882166231285638,0.0635872825434913,0.4753363228699551,0.1121693121693121,140620,1561,117,106
Q99.300,5.545552494049037,0.9892910311508104,0.0630872483221476,0.42152466367713,0.109748978400467,0.9445092456678176,140785,1396,129,94,0.989312097974776,0.0649698593436034,0.4349775784753363,0.113053613053613,140785,1396,126,97
Q99.400,6.145455215453945,0.990569085138058,0.06656346749226,0.3856502242152466,0.1135313531353135,0.9445597087247124,140975,1206,137,86,0.9905901519620236,0.0687258687258687,0.3991031390134529,0.1172595520421607,140975,1206,134,89
Q99.500,6.844173007011332,0.9919524732451336,0.069094304388422,0.3318385650224215,0.1143740340030911,0.9443422129494954,141184,997,149,74,0.9919735400690992,0.0716945996275605,0.3452914798206278,0.1187355435620663,141184,997,146,77
Q99.600,7.78644630432127,0.9931181708378978,0.0693970420932878,0.273542600896861,0.1107078039927404,0.9442727631674436,141363,818,162,61,0.9931392376618634,0.0725623582766439,0.2869955156950672,0.1158371040723982,141363,818,159,64
Q99.700,9.360205757141092,0.9943751580011796,0.0762463343108504,0.2331838565022421,0.1149171270718232,0.944266234509458,141551,630,171,52,0.9943962248251452,0.0802919708029197,0.2466367713004484,0.1211453744493392,141551,630,168,55
Q99.800,11.575624816894358,0.9953723210022192,0.0839694656488549,0.1973094170403587,0.1178045515394912,0.945370602739898,141701,480,179,44,0.9953793432768744,0.0857142857142857,0.2017937219730941,0.1203208556149732,141701,480,178,45
Q99.900,16.843642013549648,0.9967837982079156,0.1221864951768488,0.1704035874439461,0.1423220973782771,0.9462249265234236,141908,273,185,38,0.9968048650318811,0.1305732484076433,0.1838565022421524,0.1527001862197393,141908,273,182,41
Q99.910,17.459129741668637,0.9968750877784333,0.1275167785234899,0.1704035874439461,0.145873320537428,0.9461638189154652,141921,260,185,38,0.9968961546023988,0.1362126245847176,0.1838565022421524,0.1564885496183206,141921,260,182,41
Q99.920,18.320219812011658,0.9970225555461926,0.1371841155234657,0.1704035874439461,0.152,0.946176166594699,141942,239,185,38,0.997043622370158,0.1464285714285714,0.1838565022421524,0.1630218687872763,141942,239,182,41
Q99.930,20.458319673537737,0.9972332237858488,0.1538461538461538,0.1704035874439461,0.1617021276595744,0.9460719919216216,141972,209,185,38,0.9972542906098144,0.164,0.1838565022421524,0.1733615221987315,141972,209,182,41
Q99.940,22.103023851776,0.9973315356310216,0.1511111111111111,0.1524663677130044,0.1517857142857143,0.9459370663232488,141990,191,189,34,0.9973385579056768,0.1548672566371681,0.1569506726457399,0.1559020044543429,141990,191,188,35
Q99.950,25.22818045043937,0.9975702929692988,0.1711229946524064,0.1434977578475336,0.1560975609756097,0.946404369999801,142026,155,191,32,0.997584337518609,0.1798941798941798,0.1524663677130044,0.1650485436893203,142026,155,189,34
Q99.960,27.327824279785105,0.9976545602651612,0.1791907514450867,0.1390134529147982,0.1565656565656565,0.9466885873980564,142039,142,192,31,0.9976615825398164,0.1839080459770115,0.1434977578475336,0.1612090680100755,142039,142,191,32
Q99.970,31.28913082923852,0.9978301171315412,0.2013888888888889,0.1300448430493273,0.1580381471389645,0.9464928222767146,142066,115,194,29,0.9978441616808515,0.2123287671232876,0.1390134529147982,0.1680216802168021,142066,115,192,31
Q99.980,39.12325698242181,0.9980126962725766,0.2368421052631578,0.1210762331838565,0.1602373887240356,0.9474806050760224,142094,87,196,27,0.9980407853711974,0.2627118644067797,0.1390134529147982,0.1818181818181818,142094,87,192,31
Q99.990,44.7547422355651,0.9980688744698184,0.2450980392156862,0.1121076233183856,0.1538461538461538,0.946764124286346,142104,77,198,25,0.9980969635684392,0.2735849056603773,0.1300448430493273,0.1762917933130699,142104,77,194,29
Q100.000,123.56021118059842,0.9982584758855088,0.1212121212121212,0.0179372197309417,0.03125,0.9494183391516712,142152,29,219,4,0.998265498160164,0.1470588235294117,0.0224215246636771,0.0389105058365758,142152,29,218,5
Q_off_f1_best,22.099267959594727,0.9973315356310216,0.1511111111111111,0.1524663677130044,0.1517857142857143,0.9459370663232488,141990,191,189,34,0.9973385579056768,0.1548672566371681,0.1569506726457399,0.1559020044543429,141990,191,188,35
