,tau,Accuracy,Precision,Recall,F1,ROC_AUC,tn,fp,fn,tp,Accuracy_PA,Precision_PA,Recall_PA,F1_PA,tn_PA,fp_PA,fn_PA,tp_PA
Q90.000,1.049733114242554,0.8211145754332744,0.0078737088286883,0.905829596412556,0.0156117165159595,,116728,25453,21,202,0.8211145754332744,0.0078737088286883,0.905829596412556,0.0156117165159595,116728,25453,21,202
Q91.000,1.1002244877815248,0.8413246818909581,0.0088254665203073,0.9013452914798208,0.0174797808505087,,119607,22574,22,201,0.8413246818909581,0.0088254665203073,0.9013452914798208,0.0174797808505087,119607,22574,22,201
Q92.000,1.1634531593322754,0.8630586219488217,0.0101138442772921,0.8923766816143498,0.0200010050756319,,122704,19477,24,199,0.8630586219488217,0.0101138442772921,0.8923766816143498,0.0200010050756319,122704,19477,24,199
Q93.000,1.250135350227357,0.8867096429875565,0.0120829244357212,0.8834080717488789,0.0238397773340594,,126074,16107,26,197,0.8867096429875565,0.0120829244357212,0.8834080717488789,0.0238397773340594,126074,16107,26,197
Q94.000,1.3632511043548594,0.9103044858290498,0.0149945895810789,0.8699551569506726,0.0294810424739761,,129437,12744,29,194,0.9103044858290498,0.0149945895810789,0.8699551569506726,0.0294810424739761,129437,12744,29,194
Q95.000,1.5029648780822762,0.9303460576950086,0.0182829888712241,0.8251121076233184,0.0357733061145134,,132301,9880,39,184,0.9303460576950086,0.0182829888712241,0.8251121076233184,0.0357733061145134,132301,9880,39,184
Q96.000,1.6698637533187926,0.9455914159714616,0.0218579234972677,0.7713004484304933,0.0425111220958971,,134484,7697,51,172,0.9455914159714616,0.0218579234972677,0.7713004484304933,0.0425111220958971,134484,7697,51,172
Q97.000,1.952816026210785,0.9604716159658436,0.0277777777777777,0.7130044843049327,0.0534723389944509,,136616,5565,64,159,0.9604716159658436,0.0277777777777777,0.7130044843049327,0.0534723389944509,136616,5565,64,159
Q98.000,2.572920169830331,0.97464256622005,0.0381679389312977,0.6278026905829597,0.0719609354921614,,138653,3528,83,140,0.9746495884947052,0.0384300899427636,0.6322869955156951,0.0724563206577595,138653,3528,82,141
Q99.000,4.342496109008796,0.9868543018454538,0.0574342458400429,0.4798206278026906,0.1025886864813039,,140425,1756,116,107,0.9868753686694194,0.0589496248660235,0.4932735426008968,0.1053135471517472,140425,1756,113,110
Q99.100,4.706657453536999,0.98791466531839,0.0583726415094339,0.4439461883408072,0.1031787389265242,,140584,1597,124,99,0.9879357321423556,0.0600353148911124,0.4573991031390134,0.1061394380853277,140584,1597,121,102
Q99.200,5.064342563629146,0.988729249178394,0.0593112244897959,0.4170403587443946,0.1038525963149078,,140706,1475,130,93,0.9887573382770148,0.0617048346055979,0.4349775784753363,0.1080779944289693,140706,1475,126,97
Q99.300,5.545552494049037,0.9897966349259852,0.0607142857142857,0.3811659192825112,0.1047443006777572,,140866,1315,138,85,0.989824724024606,0.0633903133903134,0.3991031390134529,0.1094038106945298,140866,1315,134,89
Q99.400,6.145455215453945,0.9909693547934046,0.0639868744872846,0.3497757847533632,0.1081830790568654,,141040,1141,145,78,0.9909974438920256,0.0670482420278004,0.3677130044843049,0.1134163208852005,141040,1141,141,82
Q99.500,6.844173007011332,0.9921561192101346,0.0626223091976516,0.2869955156950672,0.1028112449799196,,141223,958,159,64,0.9921842083087554,0.0662768031189083,0.3049327354260089,0.1088871096877502,141223,958,155,68
Q99.600,7.78644630432127,0.9932305272323813,0.0646298472385428,0.2466367713004484,0.1024208566108007,,141385,796,168,55,0.993258616331002,0.0690058479532163,0.2645739910313901,0.1094619666048237,141385,796,164,59
Q99.700,9.360205757141092,0.9944313361984214,0.0681818181818181,0.2017937219730941,0.101925254813137,,141566,615,178,45,0.9944664475716974,0.075187969924812,0.2242152466367713,0.1126126126126126,141566,615,173,50
Q99.800,11.575624816894358,0.9954987219460129,0.073469387755102,0.1614349775784753,0.1009817671809256,,141727,454,187,36,0.995540855593944,0.0846774193548387,0.1883408071748878,0.1168289290681502,141727,454,181,42
Q99.900,16.843642013549648,0.9968399764051572,0.1126279863481228,0.147982062780269,0.127906976744186,,141921,260,190,33,0.9968821100530884,0.1304347826086956,0.1748878923766816,0.1494252873563218,141921,260,184,39
Q99.910,17.459129741668637,0.9969172214263644,0.1142857142857142,0.1434977578475336,0.1272365805168986,,141933,248,191,32,0.9969593550742956,0.1328671328671328,0.1704035874439461,0.1493123772102161,141933,248,185,38
Q99.920,18.320219812011658,0.997043622370158,0.1221374045801526,0.1434977578475336,0.1319587628865979,,141951,230,191,32,0.9970857560180894,0.1417910447761194,0.1704035874439461,0.1547861507128309,141951,230,185,38
Q99.930,20.458319673537737,0.9972613128844696,0.1385281385281385,0.1434977578475336,0.1409691629955947,,141982,199,191,32,0.9973034465324008,0.160337552742616,0.1704035874439461,0.1652173913043478,141982,199,185,38
Q99.940,22.103023851776,0.9973526024549872,0.1367924528301886,0.1300448430493273,0.1333333333333333,,141998,183,194,29,0.9973736692789528,0.1488372093023255,0.1434977578475336,0.1461187214611872,141998,183,191,32
Q99.950,25.22818045043937,0.9975983820679194,0.1560693641618497,0.1210762331838565,0.1363636363636363,,142035,146,196,27,0.997619448891885,0.1704545454545454,0.1345291479820627,0.150375939849624,142035,146,193,30
Q99.960,27.327824279785105,0.9976896716384372,0.1645569620253164,0.116591928251121,0.1364829396325459,,142049,132,197,26,0.997717760737058,0.1851851851851851,0.1345291479820627,0.1558441558441558,142049,132,193,30
Q99.970,31.28913082923852,0.9978160725822308,0.15625,0.0896860986547085,0.1139601139601139,,142073,108,203,20,0.9978441616808515,0.1818181818181818,0.1076233183856502,0.1352112676056338,142073,108,199,24
Q99.980,39.12325698242181,0.9979565180753348,0.1666666666666666,0.0762331838565022,0.1046153846153846,,142096,85,206,17,0.99796354034999,0.174757281553398,0.0807174887892376,0.1104294478527607,142096,85,205,18
Q99.990,44.7547422355651,0.998026740821887,0.1777777777777777,0.0717488789237668,0.1022364217252396,,142107,74,207,16,0.9980337630965422,0.1868131868131868,0.0762331838565022,0.10828025477707,142107,74,206,17
Q100.000,123.56021118059842,0.9982795427094744,0.0,0.0,0.0,,142159,22,223,0,0.9982795427094744,0.0,0.0,0.0,142159,22,223,0
Q_off_f1_best,22.099267959594727,0.9973526024549872,0.1367924528301886,0.1300448430493273,0.1333333333333333,0.9388535039480876,141998,183,194,29,0.9973736692789528,0.1488372093023255,0.1434977578475336,0.1461187214611872,141998,183,191,32
