,tau,Accuracy,Precision,Recall,F1,ROC_AUC,tn,fp,fn,tp,Accuracy_PA,Precision_PA,Recall_PA,F1_PA,tn_PA,fp_PA,fn_PA,tp_PA
Q90.000,0.0033717744518071,0.9502272992190232,0.0446096654275092,0.0659340659340659,0.0532150776053215,0.5144033648856801,8140,257,170,12,0.9700431285697634,0.4145785876993166,1.0,0.5861513687600644,8140,257,0,182
Q91.000,0.0034574323799461,0.9505769903252128,0.0451127819548872,0.0659340659340659,0.0535714285714285,0.5144197234229388,8143,254,170,12,0.9703928196759528,0.4174311926605504,1.0,0.5889967637540453,8143,254,0,182
Q92.000,0.0037857352290302,0.9529082643664762,0.048780487804878,0.0659340659340659,0.0560747663551401,0.5145748023561529,8163,234,170,12,0.9727240937172164,0.4375,1.0,0.6086956521739131,8163,234,0,182
Q93.000,0.0042483555153012,0.9569879939386876,0.0568720379146919,0.0659340659340659,0.0610687022900763,0.5145093682071175,8198,199,170,12,0.9768038232894276,0.4776902887139108,1.0,0.6465364120781528,8198,199,0,182
Q94.000,0.0049395589157938,0.9610677235108988,0.0632183908045977,0.0604395604395604,0.0617977528089887,0.5144596382538504,8234,163,171,11,0.981000116563702,0.527536231884058,1.0,0.6907020872865275,8234,163,0,182
Q95.000,0.0067948073847219,0.965846835295489,0.0763358778625954,0.0549450549450549,0.0638977635782747,0.5156086619109127,8276,121,172,10,0.9858957920503556,0.6006600660066007,1.0,0.7505154639175259,8276,121,0,182
Q96.000,0.0778204649686813,0.969110618953258,0.0970873786407767,0.0549450549450549,0.0701754385964912,0.5129448377036803,8304,93,172,10,0.9891595757081244,0.6618181818181819,1.0,0.7964989059080964,8304,93,0,182
Q97.000,0.311925537884236,0.9717915841007112,0.125,0.0549450549450549,0.0763358778625954,0.5066742832016143,8327,70,172,10,0.9918405408555776,0.7222222222222222,1.0,0.8387096774193548,8327,70,0,182
Q98.000,0.9705120325088552,0.9742394218440378,0.1694915254237288,0.0549450549450549,0.0829875518672199,0.4983798504698826,8348,49,172,10,0.9942883785989044,0.7878787878787878,1.0,0.8813559322033898,8348,49,0,182
Q99.000,8.993314027787543,0.9766872595873644,0.2631578947368421,0.0549450549450549,0.0909090909090909,0.5013944017159452,8369,28,172,10,0.996736216342231,0.8666666666666667,1.0,0.9285714285714286,8369,28,0,182
Q100.000,46.90579605102539,0.978319151416249,0.25,0.0109890109890109,0.0210526315789473,0.4970050789986481,8391,6,180,2,0.9993006177876208,0.9680851063829788,1.0,0.9837837837837838,8391,6,0,182
Q_off_f1_best,15.779011726379396,0.977036950693554,0.2580645161290322,0.0439560439560439,0.0751173708920187,0.5001884503492221,8374,23,174,8,0.9973190348525468,0.8878048780487805,1.0,0.9405684754521964,8374,23,0,182
