,tau,Accuracy,Precision,Recall,F1,ROC_AUC,tn,fp,fn,tp,Accuracy_PA,Precision_PA,Recall_PA,F1_PA,tn_PA,fp_PA,fn_PA,tp_PA
Q90.000,0.0033717744518071,0.9487119710922018,0.0425531914893617,0.0659340659340659,0.0517241379310344,,8127,270,170,12,0.968527800442942,0.4026548672566372,1.0,0.5741324921135647,8127,270,0,182
Q91.000,0.0034574323799461,0.95011073551696,0.0444444444444444,0.0659340659340659,0.0530973451327433,,8139,258,170,12,0.9699265648677002,0.4136363636363636,1.0,0.5852090032154341,8139,258,0,182
Q92.000,0.0037857352290302,0.9544235924932976,0.0515021459227467,0.0659340659340659,0.0578313253012048,,8176,221,170,12,0.9742394218440378,0.4516129032258064,1.0,0.6222222222222222,8176,221,0,182
Q93.000,0.0042483555153012,0.9561720480242452,0.055045871559633,0.0659340659340659,0.06,,8191,206,170,12,0.9759878773749854,0.4690721649484536,1.0,0.6385964912280702,8191,206,0,182
Q94.000,0.0049395589157938,0.9597855227882036,0.0641711229946524,0.0659340659340659,0.065040650406504,,8222,175,170,12,0.979601352138944,0.5098039215686274,1.0,0.6753246753246753,8222,175,0,182
Q95.000,0.0067948073847219,0.965846835295489,0.0763358778625954,0.0549450549450549,0.0638977635782747,,8276,121,172,10,0.9858957920503556,0.6006600660066007,1.0,0.7505154639175259,8276,121,0,182
Q96.000,0.0778204649686813,0.9688774915491316,0.0952380952380952,0.0549450549450549,0.0696864111498257,,8302,95,172,10,0.988926448303998,0.6570397111913358,1.0,0.7930283224400871,8302,95,0,182
Q97.000,0.311925537884236,0.9717915841007112,0.125,0.0549450549450549,0.0763358778625954,,8327,70,172,10,0.9918405408555776,0.7222222222222222,1.0,0.8387096774193548,8327,70,0,182
Q98.000,0.9705120325088552,0.9745891129502272,0.1785714285714285,0.0549450549450549,0.0840336134453781,,8351,46,172,10,0.9946380697050938,0.7982456140350878,1.0,0.8878048780487805,8351,46,0,182
Q99.000,8.993314027787543,0.9769203869914908,0.2777777777777778,0.0549450549450549,0.091743119266055,,8371,26,172,10,0.9969693437463574,0.875,1.0,0.9333333333333332,8371,26,0,182
Q100.000,46.90579605102539,0.9784357151183122,0.2857142857142857,0.0109890109890109,0.0211640211640211,,8392,5,180,2,0.999417181489684,0.9732620320855616,1.0,0.986449864498645,8392,5,0,182
Q_off_f1_best,15.779011726379396,0.9779694603100596,0.3703703703703703,0.0549450549450549,0.0956937799043062,0.5231682691489765,8380,17,172,10,0.998018417064926,0.914572864321608,1.0,0.9553805774278216,8380,17,0,182
