,tau,Accuracy,Precision,Recall,F1,tn,fp,fn,tp,Accuracy_PA,Precision_PA,Recall_PA,F1_PA,tn_PA,fp_PA,fn_PA,tp_PA
80.0,0.0650154501199722,0.6859780740201045,0.4536267554654698,0.6425495262704565,0.5318079978274153,44591.0,18869.0,8715.0,15666.0,0.7849865097164195,0.5635408956328646,0.9992617201919528,0.7206602280626506,44591.0,18869.0,18.0,24363.0
81.0,0.0671729922294616,0.6906114456802632,0.458607212648783,0.6352897748246585,0.5326799071446995,45175.0,18285.0,8892.0,15489.0,0.791623501553944,0.5712476844795648,0.9992207046470613,0.7269200930954228,45175.0,18285.0,19.0,24362.0
82.0,0.069478602707386,0.6957912592069763,0.4644387057572535,0.6270046347565728,0.5336149120357442,45832.0,17628.0,9094.0,15287.0,0.7991029246024066,0.5801857585139318,0.9992207046470613,0.7341158035889168,45832.0,17628.0,19.0,24362.0
83.0,0.0720581993460655,0.6999920310561127,0.4578308100248054,0.4390714080636561,0.4482549253606347,50783.0,12677.0,13676.0,10705.0,0.8554319736797168,0.6577114159196458,0.9990976580123868,0.7932331439178077,50783.0,12677.0,22.0,24359.0
84.0,0.0748440682888031,0.7182750651745768,0.4908900836320191,0.4044542881752184,0.4434999662686365,53233.0,10227.0,14520.0,9861.0,0.8833232772850946,0.7043023188573411,0.9990976580123868,0.8261909203452777,53233.0,10227.0,22.0,24359.0
85.0,0.0777228027582169,0.7301487915665805,0.5183458891117012,0.3922726713424387,0.4465819947702652,54573.0,8887.0,14817.0,9564.0,0.8985781127264034,0.732689646874812,0.9990976580123868,0.8454023287695003,54573.0,8887.0,22.0,24359.0
86.0,0.0811041876673698,0.7385275668537471,0.5413278736472653,0.3795578524260695,0.4462339666313049,55619.0,7841.0,15127.0,9254.0,0.9104859917350668,0.7564906832298136,0.9990976580123868,0.8610310881744756,55619.0,7841.0,22.0,24359.0
87.0,0.0846594721078872,0.7444701221525256,0.5605709635009077,0.3672531889586153,0.4437726123804331,56441.0,7019.0,15427.0,8954.0,0.91984380869981,0.7763082414430492,0.9990976580123868,0.8737244211696765,56441.0,7019.0,22.0,24359.0
88.0,0.0885523334145546,0.7511868034289227,0.5854137067857385,0.3549075099462696,0.4419079720136867,57332.0,6128.0,15728.0,8653.0,0.9299871358477249,0.7989962935021484,0.9990976580123868,0.887912808923234,57332.0,6128.0,22.0,24359.0
89.0,0.0928256317973136,0.7559226329390604,0.6081647664582567,0.3391165251630368,0.4354329049926269,58133.0,5327.0,16113.0,8268.0,0.939083116084744,0.8205430534968333,0.9990156269226036,0.9010265421252196,58133.0,5327.0,24.0,24357.0
90.0,0.0979615375399589,0.7543516125727167,0.6206629358588033,0.2956810631229236,0.4005445049449939,59054.0,4406.0,17172.0,7209.0,0.9495452009881492,0.8468064392754077,0.9989335958328206,0.9166008053893342,59054.0,4406.0,26.0,24355.0
90.1,0.0985159209370613,0.7532928814562676,0.6192991723895052,0.2885033427669086,0.3936316069280058,59136.0,4324.0,17347.0,7034.0,0.9504787058435128,0.8492276578681265,0.9989335958328206,0.918017338861666,59136.0,4324.0,26.0,24355.0
90.2,0.0989778190851212,0.753315649867374,0.6214400859752821,0.2846068660022148,0.3904126930542662,59233.0,4227.0,17442.0,6939.0,0.9515829737821746,0.8521097194038206,0.9989335958328206,0.9196986575533864,59233.0,4227.0,26.0,24355.0
90.3,0.0994604769349098,0.7538279391172688,0.62537517053206,0.2820228866740494,0.3887381275440976,59341.0,4119.0,17505.0,6876.0,0.952812467981922,0.855341715248999,0.9989335958328206,0.92157790180683,59341.0,4119.0,26.0,24355.0
90.4,0.0999909418821334,0.7534522603340126,0.6254836926478717,0.2784545342684877,0.3853554704129417,59395.0,4065.0,17592.0,6789.0,0.9534272150817956,0.8569669247009148,0.9989335958328206,0.9225204068104772,59395.0,4065.0,26.0,24355.0
90.5,0.1004552379250526,0.7534750287451191,0.6267671130952381,0.276403757023912,0.3836279281587111,59447.0,4013.0,17642.0,6739.0,0.9540191937705628,0.8585377890580936,0.9989335958328206,0.9234298280536124,59447.0,4013.0,26.0,24355.0
90.6,0.1009501394629479,0.7535774865950979,0.6294123213778745,0.2727943890734588,0.3806226393498912,59544.0,3916.0,17730.0,6651.0,0.9551234617092246,0.8614834989918998,0.9989335958328206,0.9251310491529288,59544.0,3916.0,26.0,24355.0
90.7,0.1015532580018043,0.7533725708951401,0.6311926605504588,0.2680776014109347,0.3763242745278674,59641.0,3819.0,17845.0,6536.0,0.9562277296478864,0.8644494924398382,0.9989335958328206,0.9268385500903816,59641.0,3819.0,26.0,24355.0
90.8,0.1021540388464928,0.7531790394007354,0.6334519572953736,0.262827611664821,0.3715105661361858,59752.0,3708.0,17973.0,6408.0,0.9574913764642934,0.8678687239425578,0.9989335958328206,0.9288002440698648,59752.0,3708.0,26.0,24355.0
90.9,0.1027636277675628,0.7535205655673319,0.6377674606378684,0.2591772281694762,0.3685730117530403,59871.0,3589.0,18062.0,6319.0,0.958846096925126,0.8715645576868022,0.9989335958328206,0.9309125656951744,59871.0,3589.0,26.0,24355.0
91.0,0.1033144935965538,0.7524390660397764,0.6358667629163659,0.2529018498010746,0.361875696930571,59929.0,3531.0,18215.0,6166.0,0.9595063808472126,0.8733773219536685,0.9989335958328206,0.9319455870817148,59929.0,3531.0,26.0,24355.0
91.1,0.1038412916660308,0.7516877084732642,0.6350825533704911,0.2476928755998523,0.3563883151372086,59990.0,3470.0,18342.0,6039.0,0.9602008173859587,0.8752920035938904,0.9989335958328206,0.9330345171053136,59990.0,3470.0,26.0,24355.0
91.2,0.1044967970252037,0.750036998668048,0.6314818832718594,0.2387514868135023,0.346498407690705,60063.0,3397.0,18560.0,5821.0,0.9610318643913436,0.8775944076102623,0.9989335958328206,0.9343410124105652,60063.0,3397.0,26.0,24355.0
91.3,0.1051311987638474,0.748716430823875,0.6288233980799286,0.2310405643738977,0.3379225531659618,60135.0,3325.0,18748.0,5633.0,0.961851527191175,0.8798771676300579,0.9989335958328206,0.9356331995159524,60135.0,3325.0,26.0,24355.0
91.4,0.1058710089325905,0.7481813731628738,0.6289788933257273,0.226118698986916,0.3326494901345562,60208.0,3252.0,18868.0,5513.0,0.9626825741965596,0.8822037888941211,0.9989335958328206,0.9369469877664076,60208.0,3252.0,26.0,24355.0
91.5,0.106639885902405,0.7477373891462984,0.6296382730455076,0.2213198802346089,0.3275166155807107,60286.0,3174.0,18985.0,5396.0,0.9635705422297104,0.8847034036833884,0.9989335958328206,0.9383548449239068,60286.0,3174.0,26.0,24355.0
91.6,0.1072595652937889,0.7479309206407031,0.6337355154700752,0.2175874656494811,0.3239496824621397,60394.0,3066.0,19076.0,5305.0,0.9648000364294578,0.8881878851974764,0.9989335958328206,0.940311184896336,60394.0,3066.0,26.0,24355.0
91.7,0.1079998180270195,0.747134026251978,0.6328881264550913,0.2118452893646692,0.3174359289533526,60464.0,2996.0,19216.0,5165.0,0.9655969308181828,0.8904610434719024,0.9989335958328206,0.9415835459676796,60464.0,2996.0,26.0,24355.0
91.8,0.108779376745224,0.7468266527020412,0.6333748443337485,0.2086050613182396,0.3138440652864768,60516.0,2944.0,19295.0,5086.0,0.96618890950695,0.8921572218762592,0.9989335958328206,0.942530959752322,60516.0,2944.0,26.0,24355.0
91.9,0.1096157389879226,0.7465875843854236,0.6356658564666752,0.2038062425659325,0.3086527113485309,60612.0,2848.0,19412.0,4969.0,0.9672817932400588,0.8953056648163805,0.9989335958328206,0.9442850496277916,60612.0,2848.0,26.0,24355.0
92.0,0.1103167682886123,0.7464623581243383,0.6371198336366,0.201058201058201,0.3056586126266563,60668.0,2792.0,19479.0,4902.0,0.9679193087510388,0.8971525398754927,0.9989335958328206,0.9453112870672256,60668.0,2792.0,26.0,24355.0
92.1,0.1110275906324386,0.746655889618743,0.6408049781543758,0.1985152372749272,0.3031251957161646,60747.0,2713.0,19541.0,4840.0,0.9688186609897428,0.8997709472439781,0.9989335958328206,0.9467628136601296,60747.0,2713.0,26.0,24355.0
92.2,0.1117827913165092,0.7465306633576576,0.6424340333871836,0.1957261802223042,0.3000408689364645,60804.0,2656.0,19609.0,4772.0,0.9694675607062762,0.9016696901262448,0.9989335958328206,0.9478128891656288,60804.0,2656.0,26.0,24355.0
92.3,0.1125046354532242,0.7465078949465511,0.6454720616570327,0.1923629055412001,0.296394602963946,60884.0,2576.0,19691.0,4690.0,0.9703782971505334,0.9043481489733022,0.9989335958328206,0.9492906142812596,60884.0,2576.0,26.0,24355.0
92.4,0.1131671094894409,0.7465306633576576,0.6474770002787845,0.190517206021082,0.2944065916653462,60931.0,2529.0,19736.0,4645.0,0.9709133548115344,0.9059291772057728,0.9989335958328206,0.9501609285087292,60931.0,2529.0,26.0,24355.0
92.5,0.113932579755783,0.7461891371910612,0.6478593705698894,0.1874410401542184,0.2907587084459996,60976.0,2484.0,19811.0,4570.0,0.9714256440614292,0.9074481165468162,0.9989335958328206,0.9509957048028116,60976.0,2484.0,26.0,24355.0
92.6,0.1148230442404748,0.746075295135529,0.6503040834057341,0.1842008121077888,0.2870840924345575,61045.0,2415.0,19890.0,4491.0,0.972211154244601,0.9097870750840492,0.9989335958328206,0.952278547828977,61045.0,2415.0,26.0,24355.0
92.7,0.1157653084397316,0.7459956056966565,0.6528742426481454,0.1812066773307083,0.2836779247463721,61111.0,2349.0,19963.0,4418.0,0.9729625118111132,0.9120356500898742,0.9989335958328206,0.9535088577860428,61111.0,2349.0,26.0,24355.0
92.8,0.1165800559520721,0.7458931478466775,0.6548406494287432,0.1786637135474345,0.2807334128186124,61164.0,2296.0,20025.0,4356.0,0.9735658747054337,0.9138493865145774,0.9989335958328206,0.9544991377958928,61164.0,2296.0,26.0,24355.0
92.9,0.1175018364191056,0.7456882321467196,0.6561162079510703,0.175997703129486,0.2775460043336244,61211.0,2249.0,20090.0,4291.0,0.9741009323664348,0.9154638400240566,0.9989335958328206,0.955379033048936,61211.0,2249.0,26.0,24355.0
93.0,0.1183432221412659,0.7455402374745278,0.6576044741339133,0.1736188015257782,0.2747095853072879,61256.0,2204.0,20148.0,4233.0,0.9746132216163296,0.9170149478519524,0.9989335958328206,0.9562230074597564,61256.0,2204.0,26.0,24355.0
93.1,0.1191667494177818,0.7453580901856764,0.6590298625375257,0.1710758377425044,0.2716379029632041,61302.0,2158.0,20210.0,4171.0,0.9751368950717774,0.91860596688417,0.9989335958328206,0.9570872794435494,61302.0,2158.0,26.0,24355.0
93.2,0.1201329517364502,0.745175942896825,0.6612304214435654,0.1679586563307493,0.2678746647478249,61362.0,2098.0,20286.0,4095.0,0.9758199474049704,0.920689524817601,0.9989335958328206,0.9582169414171616,61362.0,2098.0,26.0,24355.0
93.3,0.1210113114118576,0.7449596429913139,0.6623973727422003,0.165456708092367,0.2647763447212103,61404.0,2056.0,20347.0,4034.0,0.9762980840382054,0.92215364810117,0.9989335958328206,0.959009292802016,61404.0,2056.0,26.0,24355.0
93.4,0.1219814199209213,0.7450279482246331,0.6657754010695187,0.1634059308477913,0.2624073769142104,61460.0,2000.0,20397.0,3984.0,0.9769355995491854,0.92411307152343,0.9989335958328206,0.9600678019552192,61460.0,2000.0,26.0,24355.0
93.5,0.1230060815811157,0.7448571851413349,0.6682618355836609,0.1603707805258193,0.2586663138396401,61519.0,1941.0,20471.0,3910.0,0.9776072676768252,0.926186492242166,0.9989335958328206,0.9611855476843538,61519.0,1941.0,26.0,24355.0
93.6,0.1240468299388885,0.7447091904691431,0.6696149843912591,0.1583610188261351,0.2561448900388098,61555.0,1905.0,20520.0,3861.0,0.978017099076741,0.9274562071591774,0.9989335958328206,0.961868841452578,61555.0,1905.0,26.0,24355.0
93.7,0.125106778740883,0.7444815063580787,0.671692089393402,0.155325868504163,0.252306872314201,61609.0,1851.0,20594.0,3787.0,0.9786318461766146,0.9293673204609632,0.9989335958328206,0.9628956055903692,61609.0,1851.0,26.0,24355.0
93.8,0.1262519478797913,0.7442424380414613,0.6731151690471886,0.1527008736311061,0.2489301952393688,61652.0,1808.0,20658.0,3723.0,0.9791213670154028,0.9308947750640216,0.9989335958328206,0.9637147831592277,61652.0,1808.0,26.0,24355.0
93.9,0.1275656968355178,0.7436618435582473,0.6735567970204842,0.1483532258726057,0.2431514907061947,61707.0,1753.0,20764.0,3617.0,0.9797474983208296,0.9328558296307644,0.9989335958328206,0.9647646021905762,61707.0,1753.0,26.0,24355.0
94.0,0.1285872966051101,0.7431040174861397,0.672561323445522,0.1450719822812846,0.238663967611336,61738.0,1722.0,20844.0,3537.0,0.9801004086929792,0.933964796564022,0.9989335958328206,0.9653573268857268,61738.0,1722.0,26.0,24355.0
94.1,0.1297281420230866,0.7427966439362029,0.6733229934082978,0.1424469874082277,0.2351467551372761,61775.0,1685.0,20908.0,3473.0,0.9805216242984484,0.9352918586789556,0.9989335958328206,0.966065726582178,61775.0,1685.0,26.0,24355.0
94.2,0.1309115147590637,0.7422843546863083,0.6740563211503895,0.1384274640088593,0.2296855859534504,61828.0,1632.0,21006.0,3375.0,0.9811249871927687,0.9371993689152268,0.9989335958328206,0.9670822744599744,61828.0,1632.0,26.0,24355.0
94.3,0.1320483523607254,0.7418062180530731,0.6738908198732365,0.1351872359624297,0.2251981415687346,61865.0,1595.0,21085.0,3296.0,0.9815462027982376,0.9385356454720616,0.9989335958328206,0.9677932089567064,61865.0,1595.0,26.0,24355.0
94.4,0.1331773322820664,0.7408840974032627,0.6698825503355704,0.1310036503834953,0.2191498850732443,61886.0,1574.0,21187.0,3194.0,0.9817852711148553,0.9392957692159358,0.9989335958328206,0.9681971774995032,61886.0,1574.0,26.0,24355.0
94.5,0.1344963014125824,0.7406791817033048,0.6715203426124197,0.1286247487797875,0.2158961825754707,61926.0,1534.0,21245.0,3136.0,0.982240639336984,0.9407470354204488,0.9989335958328206,0.9689675750944896,61926.0,1534.0,26.0,24355.0
94.6,0.1356153357028961,0.7399505925478991,0.6688625384277558,0.1249333497395513,0.2105408674615517,61952.0,1508.0,21335.0,3046.0,0.9825366286813676,0.9416927657271004,0.9989335958328206,0.9694689913223468,61952.0,1508.0,26.0,24355.0
94.7,0.1370588809251786,0.7390967771314079,0.6662877926801546,0.1202165620770271,0.2036831132731063,61992.0,1468.0,21450.0,2931.0,0.982991996903496,0.9431514541300392,0.9989335958328206,0.970241415026691,61992.0,1468.0,26.0,24355.0
94.8,0.1384085500240326,0.7386641773203857,0.6659678546471,0.1172634428448382,0.1994141033689056,62026.0,1434.0,21522.0,2859.0,0.9833790598923056,0.9443948970491296,0.9989335958328206,0.970898943591788,62026.0,1434.0,26.0,24355.0
94.9,0.1396867889165878,0.7384364932093214,0.6672220899785766,0.1149665723309134,0.196137429151214,62062.0,1398.0,21578.0,2803.0,0.9837888912922212,0.9457150623228362,0.9989335958328206,0.9715961223919894,62062.0,1398.0,26.0,24355.0
95.0,0.1410169601440439,0.7378445145205542,0.6652821891033471,0.1116853287395923,0.1912622041160357,62090.0,1370.0,21658.0,2723.0,0.9841076490477112,0.9467444120505344,0.9989335958328206,0.9721390651818146,62090.0,1370.0,26.0,24355.0
96.0,0.1578014135360718,0.7335412848214388,0.6569037656903766,0.0837127271235798,0.1485011641443539,62394.0,1066.0,22340.0,2041.0,0.9875684475358888,0.9580661657684592,0.9989335958328206,0.9780731697522188,62394.0,1066.0,26.0,24355.0
97.0,0.1812095969915392,0.7316856593162646,0.6698744769874477,0.0656658873713137,0.1196070374659146,62671.0,789.0,22780.0,1601.0,0.9861795744583964,0.9681147706607396,0.9825683934211066,0.9752880348491634,62671.0,789.0,425.0,23956.0
98.0,0.2222163587808641,0.7296820391388987,0.6850989522700814,0.0482752963373118,0.0901950266293727,62919.0,541.0,23204.0,1177.0,0.989002857435594,0.9779156631424256,0.9825683934211066,0.9802365072220632,62919.0,541.0,425.0,23956.0
99.0,0.3257206499576629,0.7277353399892988,0.7242044358727098,0.0308026742135269,0.0590919820599575,63174.0,286.0,23630.0,751.0,0.986999237258228,0.9879887446978288,0.9648906935728642,0.9763031208499336,63174.0,286.0,856.0,23525.0
100.0,259.7855834960937,0.7224758370237133,1.0,0.0001230466346745,0.0002460629921259,63460.0,0.0,24378.0,3.0,0.8237724980362245,1.0,0.365079365079365,0.5348837209302325,63460.0,0.0,15480.0,8901.0
Qbest,0.0667673349380493,0.6900877722248153,0.4580603270172953,0.6365612567162955,0.5327566380035357,45098.0,18362.0,8861.0,15520.0,0.7907469177263464,0.5702181443685048,0.9992207046470613,0.7260859846509201,45098.0,18362.0,19.0,24362.0
