,tau,Accuracy,Precision,Recall,F1,tn,fp,fn,tp,Accuracy_PA,Precision_PA,Recall_PA,F1_PA,tn_PA,fp_PA,fn_PA,tp_PA
80.0,0.0650154501199722,0.619961066017008,0.4097091273821464,0.8377014888642795,0.5502822271018846,34034.0,29426.0,3957.0,20424.0,0.6649286779522091,0.4530483271375464,0.9997128911857596,0.6235274555198834,34034.0,29426.0,7.0,24374.0
81.0,0.0671729922294616,0.627201420748853,0.4137596899224806,0.8231409704277921,0.5507031625162928,35025.0,28435.0,4312.0,20069.0,0.6761307362165732,0.4614787318662172,0.9994257823715188,0.6314084707772437,35025.0,28435.0,14.0,24367.0
82.0,0.069478602707386,0.6338384125863776,0.4175616989725664,0.8084574053566301,0.5506942698292963,35966.0,27494.0,4670.0,19711.0,0.6868432736421489,0.4698521046643913,0.9994257823715188,0.6392014899923926,35966.0,27494.0,14.0,24367.0
83.0,0.0720581993460655,0.6397126626518368,0.4208129018197668,0.7919691563102416,0.5495972447556429,36884.0,26576.0,5072.0,19309.0,0.6972825901344475,0.478308664755997,0.9993847668266272,0.6469736999322916,36884.0,26576.0,15.0,24366.0
84.0,0.0748440682888031,0.6455755285117428,0.4241927516055149,0.7748246585455888,0.5482405862294131,37817.0,25643.0,5490.0,18891.0,0.7079040539155975,0.4872322981863264,0.9993847668266272,0.6550880494690146,37817.0,25643.0,15.0,24366.0
85.0,0.0777228027582169,0.6506414999829236,0.4271523943727043,0.7584184405889832,0.5465050982710211,38662.0,24798.0,5890.0,18491.0,0.7174895549914049,0.4955757612741807,0.9992617201919528,0.6625601696989475,38662.0,24798.0,18.0,24363.0
86.0,0.0811041876673698,0.6567775867761069,0.4310146868870497,0.7390591034001887,0.5444875881970781,39673.0,23787.0,6362.0,18019.0,0.7289876026001525,0.5059710482045318,0.9992207046470613,0.6717771956431822,39673.0,23787.0,19.0,24362.0
87.0,0.0846594721078872,0.6621053949750116,0.434350691175742,0.7191255485829129,0.5415849382982996,40627.0,22833.0,6848.0,17533.0,0.7398481346979201,0.5161987498675707,0.9992207046470613,0.6807309712752878,40627.0,22833.0,19.0,24362.0
88.0,0.0885523334145546,0.6683211712070674,0.4389197245348957,0.7005865222919486,0.5397096228889205,41625.0,21835.0,7300.0,17081.0,0.7512095718400291,0.5273502608394485,0.9992207046470613,0.6903567683980844,41625.0,21835.0,19.0,24362.0
89.0,0.0928256317973136,0.6751972313612095,0.4446843676690126,0.684180304335343,0.5390270305204143,42629.0,20831.0,7700.0,16681.0,0.7626393142154575,0.539065784524152,0.9992207046470613,0.7003190847155548,42629.0,20831.0,19.0,24362.0
90.0,0.0979615375399589,0.681674844320989,0.4500683231545777,0.6619498790041426,0.5358233731739708,43740.0,19720.0,8242.0,16139.0,0.7752871665850799,0.5526518760491811,0.9992207046470613,0.7116836831573259,43740.0,19720.0,19.0,24362.0
90.1,0.0985159209370613,0.682460354504161,0.4508178355366345,0.6601862105738074,0.5357743197137389,43852.0,19608.0,8285.0,16096.0,0.77656219760704,0.5540595860814191,0.9992207046470613,0.7128498485757341,43852.0,19608.0,19.0,24362.0
90.2,0.0989778190851212,0.6830637173984814,0.4513707296499367,0.6584225421434724,0.5355820238214394,43948.0,19512.0,8328.0,16053.0,0.7776550813401487,0.5552719150294024,0.9992207046470613,0.7138524650208776,43948.0,19512.0,19.0,24362.0
90.3,0.0994604769349098,0.6837581539372275,0.4520381662149955,0.6567819203478118,0.5355070646267034,44049.0,19411.0,8368.0,16013.0,0.7788048861010234,0.5565531263564297,0.9992207046470613,0.7149103500895031,44049.0,19411.0,19.0,24362.0
90.4,0.0999909418821334,0.6842818273926754,0.4524754721261271,0.654485049833887,0.5350478649387227,44151.0,19309.0,8424.0,15957.0,0.7799660750674514,0.5578530374848297,0.9992207046470613,0.7159818961970258,44151.0,19309.0,19.0,24362.0
90.5,0.1004552379250526,0.6848055008481233,0.4529515568964535,0.652721381403552,0.5347895488532303,44240.0,19220.0,8467.0,15914.0,0.7809792693616876,0.558992244504612,0.9992207046470613,0.7169195003163487,44240.0,19220.0,19.0,24362.0
90.6,0.1009501394629479,0.685534090003529,0.4536724778508145,0.6510807596078914,0.534739182429132,44344.0,19116.0,8507.0,15874.0,0.782163226739222,0.5603293619761719,0.9992207046470613,0.7180182437112248,44344.0,19116.0,19.0,24362.0
90.7,0.1015532580018043,0.6861716055145092,0.4542714433344815,0.6490709979082072,0.5344748974112165,44449.0,19011.0,8556.0,15825.0,0.7833585683223097,0.5616858414220829,0.9992207046470613,0.7191309738170439,44449.0,19011.0,19.0,24362.0
90.8,0.1021540388464928,0.6867749684088296,0.4548363846042958,0.6470612362085231,0.5341821013781195,44551.0,18909.0,8605.0,15776.0,0.7845197572887376,0.5630098680409512,0.9992207046470613,0.7202152190622598,44551.0,18909.0,19.0,24362.0
90.9,0.1027636277675628,0.6875832470031079,0.4556411890826911,0.6450104589639474,0.5340351472960353,44672.0,18788.0,8655.0,15726.0,0.7858972461606767,0.5645886442641946,0.9992207046470613,0.7215056788734062,44672.0,18788.0,19.0,24362.0
91.0,0.1033144935965538,0.6882662993363008,0.4563154831199069,0.6430827283540462,0.5338349704635603,44779.0,18681.0,8702.0,15679.0,0.7871153561548707,0.5659921473874963,0.9992207046470613,0.7226506881822496,44779.0,18681.0,19.0,24362.0
91.1,0.1038412916660308,0.6888241254084084,0.4568716226084416,0.6415241376481686,0.5336768117920021,44866.0,18594.0,8740.0,15641.0,0.7881057820380005,0.5671384672688332,0.9992207046470613,0.7235843592675647,44866.0,18594.0,19.0,24362.0
91.2,0.1044967970252037,0.6896779408248995,0.4577460653042048,0.6393913293138099,0.5335318377055633,44993.0,18467.0,8792.0,15589.0,0.7895515761432589,0.5688201919260314,0.9992207046470613,0.7249516441005802,44993.0,18467.0,19.0,24362.0
91.3,0.1051311987638474,0.6905545246524971,0.4586617078426164,0.6373405520692342,0.5334363199450739,45120.0,18340.0,8842.0,15539.0,0.7909973702485172,0.570511919816402,0.9992207046470613,0.7263241059582904,45120.0,18340.0,19.0,24362.0
91.4,0.1058710089325905,0.6914083400689883,0.4595260719800451,0.6347155571961773,0.533096784194843,45259.0,18201.0,8906.0,15475.0,0.7925797748204142,0.5723750675469305,0.9992207046470613,0.7278322179732314,45259.0,18201.0,19.0,24362.0
91.5,0.106639885902405,0.6921824660466069,0.4603070306433307,0.632131577868012,0.5327065655081831,45390.0,18070.0,8969.0,15412.0,0.7940711057478854,0.5741421568627451,0.9992207046470613,0.7292592758894227,45390.0,18070.0,19.0,24362.0
91.6,0.1072595652937889,0.6929565920242255,0.4611274539232755,0.6300808006234363,0.5325244821908311,45508.0,17952.0,9019.0,15362.0,0.7954144420031648,0.5757432528241244,0.9992207046470613,0.7305495164555064,45508.0,17952.0,19.0,24362.0
91.7,0.1079998180270195,0.6937876390296103,0.4620190131281123,0.627906976744186,0.5323388274567077,45634.0,17826.0,9072.0,15309.0,0.7968488519028699,0.5774627856262444,0.9992207046470613,0.7319322807913593,45634.0,17826.0,19.0,24362.0
91.8,0.108779376745224,0.6950057490238044,0.4634005588628356,0.6257741684098274,0.5324840764331211,45793.0,17667.0,9124.0,15257.0,0.7986589405858312,0.5796473863284874,0.9992207046470613,0.7336846860412587,45793.0,17667.0,19.0,24362.0
91.9,0.1096157389879226,0.6963377010735305,0.4649441981348418,0.6236823756203601,0.5327400763759942,45961.0,17499.0,9175.0,15206.0,0.8005714871187715,0.5819736747808223,0.9992207046470613,0.7355454243531294,45961.0,17499.0,19.0,24362.0
92.0,0.1103167682886123,0.6970776744344895,0.4657694198623402,0.6217136294655674,0.5325603864734298,46074.0,17386.0,9223.0,15158.0,0.8018579023462847,0.5835489125227555,0.9992207046470613,0.7368023106352733,46074.0,17386.0,19.0,24362.0
92.1,0.1110275906324386,0.6978859530287679,0.4666934313331892,0.6198269144005578,0.5324689052535145,46191.0,17269.0,9269.0,15112.0,0.803189854396011,0.5851889217169898,0.9992207046470613,0.7381082227473793,46191.0,17269.0,19.0,24362.0
92.2,0.1117827913165092,0.6987625368563655,0.4677179041470077,0.6180222304253312,0.5324663851440888,46312.0,17148.0,9313.0,15068.0,0.8045673432679501,0.5868947241628524,0.9992207046470613,0.7394636596803813,46312.0,17148.0,19.0,24362.0
92.3,0.1125046354532242,0.6996277364784098,0.4687363494539782,0.6161765309052131,0.5324378444472011,46433.0,17027.0,9358.0,15023.0,0.8059448321398891,0.5886105003744957,0.9992207046470613,0.7408240839288429,46433.0,17027.0,19.0,24362.0
92.4,0.1131671094894409,0.70058400974488,0.4698832977788932,0.6143308313850949,0.5324848463302344,46562.0,16898.0,9403.0,14978.0,0.807413394656254,0.5904507998061076,0.9992207046470613,0.7422799774531161,46562.0,16898.0,19.0,24362.0
92.5,0.113932579755783,0.7016541250668822,0.4712114523554266,0.6129363028587835,0.5328104109100633,46690.0,16770.0,9437.0,14944.0,0.8088705729670655,0.5922882427307206,0.9992207046470613,0.7437302520110513,46690.0,16770.0,19.0,24362.0
92.6,0.1148230442404748,0.7025876299222459,0.4723297582027035,0.6105163857101842,0.5326057786921906,46831.0,16629.0,9496.0,14885.0,0.8104757459500689,0.5943255836647069,0.9992207046470613,0.7453343939301229,46831.0,16629.0,19.0,24362.0
92.7,0.1157653084397316,0.703703282066461,0.473707750303495,0.6081784996513678,0.5325862471490401,46986.0,16474.0,9553.0,14828.0,0.8122402978108173,0.5965814477421882,0.9992207046470613,0.7471058159682291,46986.0,16474.0,19.0,24362.0
92.8,0.1165800559520721,0.7041586502885896,0.4742330894622,0.6061687379516837,0.5321451075704383,47075.0,16385.0,9602.0,14779.0,0.8132534921050535,0.597884506834859,0.9992207046470613,0.7481267657535928,47075.0,16385.0,19.0,24362.0
92.9,0.1175018364191056,0.7049555446773147,0.4752130131680867,0.6039128829826504,0.5318883771335682,47200.0,16260.0,9657.0,14724.0,0.8146765177992054,0.5997242873319876,0.9992207046470613,0.7495654046736304,47200.0,16260.0,19.0,24362.0
93.0,0.1183432221412659,0.7056499812160608,0.4760746147607461,0.6019031212829662,0.5316451110386552,47310.0,16150.0,9706.0,14675.0,0.8159287804100591,0.6013526856240127,0.9992207046470613,0.7508359915553295,47310.0,16150.0,19.0,24362.0
93.1,0.1191667494177818,0.7065721018658713,0.477257896110676,0.5999343751281736,0.5316106053171964,47439.0,16021.0,9754.0,14627.0,0.8173973429264239,0.603273654755714,0.9992207046470613,0.7523315422148108,47439.0,16021.0,19.0,24362.0
93.2,0.1201329517364502,0.7074373014879156,0.4783693297446333,0.5977605512489234,0.5314420114135687,47568.0,15892.0,9807.0,14574.0,0.8188659054427887,0.6052069359566751,0.9992207046470613,0.7538330625821923,47568.0,15892.0,19.0,24362.0
93.3,0.1210113114118576,0.708143122232215,0.4792739273927393,0.5956277429145647,0.5311534170918601,47682.0,15778.0,9859.0,14522.0,0.8201637048758552,0.6069257598405581,0.9992207046470613,0.7551649850436293,47682.0,15778.0,19.0,24362.0
93.4,0.1219814199209213,0.7089969376487062,0.480402243536557,0.5937000123046635,0.5310757264455532,47804.0,15656.0,9906.0,14475.0,0.8215525779533476,0.6087760507771502,0.9992207046470613,0.7565955993105482,47804.0,15656.0,19.0,24362.0
93.5,0.1230060815811157,0.7095433795152605,0.4810832470698233,0.5909109552520405,0.5303710793697541,47920.0,15540.0,9974.0,14407.0,0.8228731457975205,0.6105458373013884,0.9992207046470613,0.7579608916820932,47920.0,15540.0,19.0,24362.0
93.6,0.1240468299388885,0.7103744265206453,0.4821860715246034,0.5884090070136582,0.5300278942604326,48054.0,15406.0,10035.0,14346.0,0.8243986293416514,0.6126030979682157,0.9992207046470613,0.759544186191523,48054.0,15406.0,19.0,24362.0
93.7,0.125106778740883,0.7111940893204768,0.4832927489177489,0.5861121364997334,0.5297595877588093,48182.0,15278.0,10091.0,14290.0,0.825855807652463,0.6145812310797174,0.9992207046470613,0.7610627762765342,48182.0,15278.0,19.0,24362.0
93.8,0.1262519478797913,0.7120592889425211,0.4844813503947727,0.5838972970755917,0.5295638426485633,48312.0,15148.0,10145.0,14236.0,0.827335754374381,0.616603391546444,0.9992207046470613,0.762611322408477,48312.0,15148.0,19.0,24362.0
93.9,0.1275656968355178,0.7131294042645234,0.4859623833058759,0.580739100118945,0.5291402731842217,48483.0,14977.0,10222.0,14159.0,0.8292824535239808,0.6192836625231958,0.9992207046470613,0.7646578782172002,48483.0,14977.0,19.0,24362.0
94.0,0.1285872966051101,0.7138238408032695,0.4869306999067712,0.5784012140601288,0.5287390798995164,48601.0,14859.0,10279.0,14102.0,0.8306257897792603,0.6211468346039112,0.9992207046470613,0.766076538473633,48601.0,14859.0,19.0,24362.0
94.1,0.1297281420230866,0.7143019774365046,0.4875691088007232,0.5751199704688077,0.527738050432819,48723.0,14737.0,10359.0,14022.0,0.8320146628567525,0.6230849893859178,0.9992207046470613,0.767548834278513,48723.0,14737.0,19.0,24362.0
94.2,0.1309115147590637,0.7146548878086543,0.48803610158819,0.5722078667815101,0.5267808257971944,48825.0,14635.0,10430.0,13951.0,0.8331758518231805,0.6247147216452548,0.9992207046470613,0.7687841206727886,48825.0,14635.0,19.0,24362.0
94.3,0.1320483523607254,0.7151216402363361,0.4886911252594182,0.5698289651778023,0.5261503503124408,48924.0,14536.0,10488.0,13893.0,0.8343028881729488,0.6263046943287572,0.9992207046470613,0.7699868834842523,48924.0,14536.0,19.0,24362.0
94.4,0.1331773322820664,0.7157022347195501,0.4895198980314403,0.5670809236700709,0.5254536817102138,49042.0,14418.0,10555.0,13826.0,0.8356462244282282,0.6282104177411036,0.9992207046470613,0.7714254049175916,49042.0,14418.0,19.0,24362.0
94.5,0.1344963014125824,0.7162031397638916,0.4902268511913254,0.5637176489889668,0.5244100196501135,49168.0,14292.0,10637.0,13744.0,0.8370806343279334,0.6302581880271123,0.9992207046470613,0.772967399064012,49168.0,14292.0,19.0,24362.0
94.6,0.1356153357028961,0.7167268132193395,0.4909900208198722,0.5610106230261269,0.5236700549397959,49280.0,14180.0,10703.0,13678.0,0.8383556653498936,0.6320896684136785,0.9992207046470613,0.7743432449183923,49280.0,14180.0,19.0,24362.0
94.7,0.1370588809251786,0.7173757129358728,0.4919445349552876,0.5573192239858906,0.5225952847967387,49427.0,14033.0,10793.0,13588.0,0.8400291435662163,0.6345097017840865,0.9992207046470613,0.7761564929272333,49427.0,14033.0,19.0,24362.0
94.8,0.1384085500240326,0.7178424653635546,0.4926341890315052,0.5541200114843525,0.5215712769037738,49546.0,13914.0,10871.0,13510.0,0.8413838640270489,0.6364823910544467,0.9992207046470613,0.7776305919530141,49546.0,13914.0,19.0,24362.0
94.9,0.1396867889165878,0.7184572124634282,0.4935699588477366,0.550961814527706,0.520689187355854,49677.0,13783.0,10948.0,13433.0,0.8428751949545201,0.6386682396120068,0.9992207046470613,0.7792598279115888,49677.0,13783.0,19.0,24362.0
95.0,0.1410169601440439,0.7187532018078119,0.4940017772511848,0.5472293999425782,0.5192550935025005,49794.0,13666.0,11039.0,13342.0,0.8442071470042463,0.6406332176291154,0.9992207046470613,0.7807207293819801,49794.0,13666.0,19.0,24362.0
96.0,0.1578014135360718,0.7190605753577487,0.4939929614497795,0.5008818342151675,0.4974135473096819,50951.0,12509.0,12169.0,12212.0,0.8573786728293166,0.6607360798459494,0.9992207046470613,0.7954679030888787,50951.0,12509.0,19.0,24362.0
97.0,0.1812095969915392,0.7170341867692763,0.4891991450270589,0.4412042163980148,0.4639637696786716,52228.0,11232.0,13624.0,10757.0,0.8719163033207727,0.6844411979547115,0.9992207046470613,0.8124051688203419,52228.0,11232.0,19.0,24362.0
98.0,0.2222163587808641,0.7245022256121857,0.5051752730599874,0.3623313235716336,0.4219929301614598,54807.0,8653.0,15547.0,8834.0,0.8967338714267825,0.734700760363012,0.9828555022353472,0.840851272874011,54807.0,8653.0,418.0,23963.0
99.0,0.3257206499576629,0.7651779920538245,0.7290141532454856,0.2450678807267954,0.3668232188353746,61239.0,2221.0,18406.0,5975.0,0.969513097528489,0.9150506789061006,0.9812558959845782,0.9469975854015756,61239.0,2221.0,457.0,23924.0
100.0,259.7855834960937,0.7224758370237133,1.0,0.0001230466346745,0.0002460629921259,63460.0,0.0,24378.0,3.0,0.8237724980362245,1.0,0.365079365079365,0.5348837209302325,63460.0,0.0,15480.0,8901.0
Qbest,0.0667673349380493,0.6262451474823829,0.4133475532220353,0.8266272917435709,0.551115000205089,34856.0,28604.0,4227.0,20154.0,0.6742068054780798,0.4600064186064073,0.9994257823715188,0.630028958527252,34856.0,28604.0,14.0,24367.0
