,tau,Accuracy,Precision,Recall,F1,tn,fp,fn,tp,Accuracy_PA,Precision_PA,Recall_PA,F1_PA,tn_PA,fp_PA,fn_PA,tp_PA
90.0,0.0729708671569824,0.2603889978761943,0.0637864652746927,0.8634860178410344,0.118797272420141,36381.0,126445.0,1362.0,8615.0,0.2682708054837011,0.0731333655861957,1.0,0.1362987452100082,36381.0,126445.0,0.0,9977.0
91.0,0.0803600944578648,0.2844047846391556,0.0652173913043478,0.8545655006514985,0.1211862780632369,40620.0,122206.0,1451.0,8526.0,0.2928016296013379,0.0754786924188435,1.0,0.1403629712999437,40620.0,122206.0,0.0,9977.0
91.1,0.0811802133917809,0.2865922466623843,0.0653464890743923,0.8536634258795229,0.121400012828462,41007.0,121819.0,1460.0,8517.0,0.2950411740536912,0.0757003247443018,1.0,0.1407461223223039,41007.0,121819.0,0.0,9977.0
91.2,0.0820154467225074,0.288600313651962,0.065480815836648,0.8530620426982058,0.1216256770081598,41360.0,121466.0,1466.0,8511.0,0.2970839626626853,0.0759036236239282,1.0,0.1410974402489039,41360.0,121466.0,0.0,9977.0
91.3,0.0829397495090961,0.2912449436641725,0.0656649112782419,0.8523604289866693,0.1219360065384312,41824.0,121002.0,1473.0,8504.0,0.2997691012308814,0.0761725162048878,1.0,0.141561905842958,41824.0,121002.0,0.0,9977.0
91.4,0.0838313055038452,0.2939821646614931,0.0658383263702107,0.8513581236844743,0.1222246204762932,42307.0,120519.0,1483.0,8494.0,0.3025641915938959,0.0764544507111329,1.0,0.1420486499184896,42307.0,120519.0,0.0,9977.0
91.5,0.0847662970423699,0.2966325816102729,0.0659648467589458,0.8497544352009622,0.1224259927797834,42781.0,120045.0,1499.0,8478.0,0.3053071995277859,0.0767331682330682,1.0,0.1425295894970678,42781.0,120045.0,0.0,9977.0
91.6,0.0858515790104866,0.2993582287344548,0.0661600462362736,0.8490528214894256,0.1227547730319168,43259.0,119567.0,1506.0,8471.0,0.3080733552079536,0.0770163033409497,1.0,0.1430178969474129,43259.0,119567.0,0.0,9977.0
91.7,0.0868684494495392,0.3020665150489285,0.0663415704967385,0.8481507467174502,0.1230576823797162,43736.0,119090.0,1515.0,8462.0,0.3108337239515518,0.0773009367227873,1.0,0.14350852967406,43736.0,119090.0,0.0,9977.0
91.8,0.0879197391867637,0.3047805882999716,0.0665386522283169,0.8474491330059136,0.1233892269748843,44212.0,118614.0,1522.0,8455.0,0.3135883057585806,0.0775870784113973,1.0,0.1440015010680676,44212.0,118614.0,0.0,9977.0
91.9,0.0891083981841803,0.3080270597153984,0.0667789267305442,0.8466472887641575,0.1237936820816449,44781.0,118045.0,1530.0,8447.0,0.3168810726665625,0.077931917951602,1.0,0.1445952506902224,44781.0,118045.0,0.0,9977.0
92.0,0.0902358442544937,0.3109841843023558,0.0669672983637273,0.8454445224015235,0.1241043447555431,45304.0,117522.0,1542.0,8435.0,0.3199076404923525,0.07825159413015,1.0,0.1451453344583781,45304.0,117522.0,0.0,9977.0
92.1,0.0914494220912457,0.3138718656504806,0.0671646550487093,0.8444422170993284,0.1244323007052394,45813.0,117013.0,1552.0,8425.0,0.3228531912061712,0.0785652413575872,1.0,0.1456847269780312,45813.0,117013.0,0.0,9977.0
92.2,0.0926337510347366,0.3167711208717441,0.067350876209842,0.8432394507366944,0.1247386759581881,46326.0,116500.0,1564.0,8413.0,0.3258218896662673,0.0788839077460724,1.0,0.1462324299764023,46326.0,116500.0,0.0,9977.0
92.3,0.0939525014162062,0.3200812485894342,0.0675424553725856,0.8415355317229628,0.1250484048732537,46915.0,115911.0,1581.0,8396.0,0.3292303953056371,0.0792529867819013,1.0,0.1468663747101902,46915.0,115911.0,0.0,9977.0
92.4,0.0953150328993802,0.3229110605718651,0.0677254148020097,0.8403327653603287,0.1253485434062689,47416.0,115410.0,1593.0,8384.0,0.3321296505269006,0.0795696523563048,1.0,0.1474099465145829,47416.0,115410.0,0.0,9977.0
92.5,0.0965886022895574,0.3256309207594776,0.0679204580474591,0.8394306905883532,0.1256724413466083,47895.0,114931.0,1602.0,8375.0,0.3349015931436375,0.079874787843853,1.0,0.1479334247692478,47895.0,114931.0,0.0,9977.0
92.6,0.0979146213829517,0.3285706845367268,0.0680537000228094,0.8373258494537437,0.1258767601124061,48424.0,114402.0,1623.0,8354.0,0.3379628825888439,0.0802145056641394,1.0,0.1485158831760397,48424.0,114402.0,0.0,9977.0
92.7,0.0993597812950611,0.3315451699333923,0.0682197564807541,0.835621930440012,0.1261413927450164,48955.0,113871.0,1640.0,8337.0,0.3410357459071891,0.0805584264582391,1.0,0.1491051746684102,48955.0,113871.0,0.0,9977.0
92.8,0.1008710637688636,0.334357621106115,0.0683573847013576,0.8337175503658414,0.1263548051435125,49460.0,113366.0,1659.0,8318.0,0.3439581488747302,0.080888254704361,1.0,0.1496699669966996,49460.0,113366.0,0.0,9977.0
92.9,0.1023618078231813,0.3372105808348234,0.0685072840576121,0.8319134008218904,0.1265900009151084,49971.0,112855.0,1677.0,8300.0,0.3469152734616876,0.0812247622769311,1.0,0.1502458417727714,49971.0,112855.0,0.0,9977.0
93.0,0.103907322883606,0.3396989635596604,0.0686369549186779,0.8303097123383782,0.1267926838601056,50417.0,112409.0,1693.0,8284.0,0.3494962471716347,0.0815207621786805,1.0,0.1507520983960774,50417.0,112409.0,0.0,9977.0
94.0,0.1240290224552154,0.369293357175512,0.070014678675966,0.8079583040994287,0.1288626009111981,55754.0,107072.0,1916.0,8061.0,0.3803811276424599,0.0852378063887773,1.0,0.1570859509076881,55754.0,107072.0,0.0,9977.0
95.0,0.1536735966801643,0.3974294427758777,0.0702175639773214,0.7708730079182119,0.1287110486327275,60986.0,101840.0,2286.0,7691.0,0.4106583797734993,0.089226146292603,1.0,0.1638340148118954,60986.0,101840.0,0.0,9977.0
96.0,0.1969951599836349,0.4177473770709999,0.0678471983827287,0.7131402225117771,0.1239061343550002,65073.0,97753.0,2862.0,7115.0,0.4343095895325891,0.0926111575234382,1.0,0.1695226282209214,65073.0,97753.0,0.0,9977.0
97.0,0.2583243042230607,0.433487844539736,0.0657255196396111,0.6668337175503658,0.1196571973273621,68255.0,94571.0,3324.0,6653.0,0.4527236216963826,0.0954298504036423,1.0,0.1742327002837808,68255.0,94571.0,0.0,9977.0
98.0,0.3750189244747173,0.4579029299259851,0.0648790276463677,0.6254385085697103,0.1175628320584799,72887.0,89939.0,3737.0,6240.0,0.479528711885789,0.0998538772568957,1.0,0.1815766245347747,72887.0,89939.0,0.0,9977.0
99.0,0.6537597477436075,0.4884811027586326,0.0606658225294981,0.5426480906083994,0.1091312235436403,78997.0,83829.0,4563.0,5414.0,0.5148868943247513,0.1063578022727757,1.0,0.1922665561797211,78997.0,83829.0,0.0,9977.0
100.0,264.7657775878906,0.9065988437700734,0.0004863024801426,0.0003006915906585,0.0003716090672612,156660.0,6166.0,9974.0,3.0,0.9099436931071798,0.0861123462279531,0.0582339380575323,0.0694809854101889,156660.0,6166.0,9396.0,581.0
Qbest,0.140673279762268,0.3871807781114911,0.070412568746529,0.7879121980555277,0.1292725643197197,59045.0,103781.0,2116.0,7861.0,0.3994259358923167,0.0877037219360396,1.0,0.1612639915949408,59045.0,103781.0,0.0,9977.0
