,tau,Accuracy,Precision,Recall,F1,tn,fp,fn,tp,Accuracy_PA,Precision_PA,Recall_PA,F1_PA,tn_PA,fp_PA,fn_PA,tp_PA
90.0,0.0893639504909515,0.8266145833333334,0.1619298957910407,0.4797033176305502,0.2421268307489945,138053,24770,5191,4786,0.8339525462962963,0.1964053983908642,0.6067956299488825,0.2967574324158722,138053,24770,3923,6054
91.0,0.097084728255868,0.8413888888888889,0.1737112051214855,0.4650696602185025,0.2529437418229394,140752,22071,5337,4640,0.8495717592592592,0.2152533333333333,0.6067956299488825,0.3177785942995118,140752,22071,3923,6054
92.0,0.1069150891900062,0.8559490740740741,0.1865411289983607,0.4448230931141625,0.2628524046434494,143470,19353,5539,4438,0.8653009259259259,0.2382807887590034,0.6067956299488825,0.34218855980104,143470,19353,3923,6054
93.0,0.1204917508363723,0.8694097222222222,0.1988709754580682,0.4166583141224817,0.2692357512953368,146077,16746,5820,4157,0.8803877314814815,0.2655263157894736,0.6067956299488825,0.3694053757207797,146077,16746,3923,6054
93.1,0.1222838981524109,0.8711921296296297,0.2010612920500462,0.413952089806555,0.2706599383970116,146412,16411,5847,4130,0.8823263888888889,0.269485866904073,0.6067956299488825,0.3732199001294617,146412,16411,3923,6054
93.2,0.1240669772922992,0.8727430555555555,0.2029573215963602,0.4113460960208479,0.2718060798728392,146706,16117,5873,4104,0.8840277777777777,0.2730594019214289,0.6067956299488825,0.3766330720418067,146706,16117,3923,6054
93.3,0.1258674190044403,0.8743576388888888,0.204968319420698,0.4085396411747018,0.2729799417339182,147013,15810,5901,4076,0.8858043981481482,0.276893523600439,0.6067956299488825,0.3802644389309381,147013,15810,3923,6054
93.4,0.1277574578225613,0.8758796296296296,0.2067890189663105,0.4054324947378971,0.2738844877784548,147307,15516,5932,4045,0.8875057870370371,0.2806675938803894,0.6067956299488825,0.3838082860493866,147307,15516,3923,6054
93.5,0.1297001461684704,0.8774016203703704,0.2088831168831169,0.403026962012629,0.2751565333424573,147594,15229,5956,4021,0.8891666666666667,0.28445237983367,0.6067956299488825,0.3873320537428023,147594,15229,3923,6054
93.6,0.1316719019412996,0.8789814814814815,0.2112185073680874,0.4008218903477999,0.2766516776202006,147889,14934,5978,3999,0.8908738425925926,0.2884505431675243,0.6067956299488825,0.3910221217503632,147889,14934,3923,6054
93.7,0.1337167635411026,0.8806655092592592,0.2137478485370051,0.3983161270923123,0.2782036473100214,148205,14618,6003,3974,0.8927025462962963,0.292859907120743,0.6067956299488825,0.3950536722242161,148205,14618,3923,6054
93.8,0.1358669357001781,0.8820833333333333,0.2154544957040442,0.3946075974741906,0.2787256637168141,148487,14336,6040,3937,0.8943344907407408,0.2969102501226091,0.6067956299488825,0.3987222972305463,148487,14336,3923,6054
93.9,0.1379939589202404,0.8834664351851852,0.2173066221480245,0.3914002205071665,0.2794575446380649,148758,14065,6072,3905,0.8959027777777778,0.3009095879516875,0.6067956299488825,0.4023125996810207,148758,14065,3923,6054
94.0,0.1402727106213572,0.8848668981481481,0.2191959229898074,0.3879923824797033,0.2801317074935774,149034,13789,6106,3871,0.8975,0.3050949957163735,0.6067956299488825,0.406036217303823,149034,13789,3923,6054
94.1,0.1427605011612177,0.8864409722222222,0.2214071164510166,0.3841836223313621,0.2809190516325259,149344,13479,6144,3833,0.8992939814814814,0.3099370296421441,0.6067956299488825,0.4103015926804473,149344,13479,3923,6054
94.2,0.145217339873315,0.8879861111111111,0.2238384076320593,0.380976245364338,0.2819942132205653,149643,13180,6176,3801,0.9010243055555556,0.3147551211396485,0.6067956299488825,0.4145013864640033,149643,13180,3923,6054
94.3,0.1478881981223824,0.8895138888888889,0.2263584509156409,0.3778690989275333,0.2831180534695103,149938,12885,6207,3770,0.9027314814814816,0.3196578488832567,0.6067956299488825,0.4187301148153271,149938,12885,3923,6054
94.4,0.1507397272586822,0.8909548611111111,0.2285364360073484,0.3740603387791921,0.283726764739423,150225,12598,6245,3732,0.9043923611111112,0.3245764529273,0.6067956299488825,0.4229278004820287,150225,12598,3923,6054
94.5,0.1537243840843439,0.8925289351851852,0.2311013767209011,0.3701513481006314,0.2845475208999499,150536,12287,6284,3693,0.9061921296296296,0.3300801483016193,0.6067956299488825,0.4275725686842291,150536,12287,3923,6054
94.6,0.1566652080714702,0.8939930555555555,0.2334292106104186,0.3660418963616317,0.2850675200999141,150830,11993,6325,3652,0.9078935185185184,0.3354574167451654,0.6067956299488825,0.4320582357978875,150830,11993,3923,6054
94.7,0.1594295887947084,0.8952951388888889,0.235841687280302,0.3631352109852661,0.2859623505268558,151084,11739,6354,3623,0.909363425925926,0.340246164221885,0.6067956299488825,0.4360100828231905,151084,11739,3923,6054
94.8,0.1624965391159057,0.8965625,0.2380067679649658,0.3595269118973639,0.2864100926221654,151339,11484,6390,3587,0.9108391203703704,0.3451932945603831,0.6067956299488825,0.4400508813374523,151339,11484,3923,6054
94.9,0.165733430325985,0.8978298611111111,0.2399051490514905,0.3549163075072667,0.2862917896268747,151604,11219,6436,3541,0.9123726851851852,0.350489202802061,0.6067956299488825,0.4443302752293577,151604,11219,3923,6054
95.0,0.1690919302403927,0.898900462962963,0.2410671089916373,0.349604089405633,0.285363658676266,151842,10981,6489,3488,0.91375,0.3553859700616378,0.6067956299488825,0.4482452243447357,151842,10981,3923,6054
95.1,0.1725426461249591,0.8997511574074074,0.2416654944436629,0.3443921018342187,0.2840256251291589,152041,10782,6541,3436,0.9149016203703704,0.3595866001425516,0.6067956299488825,0.4515719986573677,152041,10782,3923,6054
95.2,0.1760326292514801,0.9006076388888888,0.2420071684587813,0.3383782700210484,0.2821916663183851,152249,10574,6601,3376,0.916105324074074,0.3640846764493625,0.6067956299488825,0.455102424356324,152249,10574,3923,6054
95.3,0.1795370764434338,0.9015335648148148,0.2427631578947368,0.3328655908589756,0.2807625649913345,152464,10359,6656,3321,0.917349537037037,0.3688539572290257,0.6067956299488825,0.4588101553618794,152464,10359,3923,6054
95.4,0.1832770614922051,0.902644675925926,0.2441704035874439,0.3274531422271224,0.2797448302436101,152710,10113,6710,3267,0.918773148148148,0.3744665058452403,0.6067956299488825,0.4631272949816402,152710,10113,3923,6054
95.5,0.1873342098295689,0.9037094907407408,0.2453363914373088,0.3216397714743911,0.2783536453137876,152952,9871,6768,3209,0.9201736111111112,0.3801569858712716,0.6067956299488825,0.4674542506370165,152952,9871,3923,6054
95.6,0.1916679645776754,0.9049305555555556,0.2470394478864402,0.3157261701914403,0.2771911298838437,153222,9601,6827,3150,0.9217361111111112,0.3867135100606835,0.6067956299488825,0.472378277153558,153222,9601,3923,6054
95.7,0.1961338096261027,0.9059953703703704,0.2478068410462776,0.3086098025458554,0.2748861708776002,153477,9346,6898,3079,0.9232118055555556,0.3931168831168831,0.6067956299488825,0.4771249556685187,153477,9346,3923,6054
95.8,0.2008103080093874,0.9071585648148148,0.2495871862615588,0.3029968928535632,0.2737108968264747,153734,9089,6954,3023,0.924699074074074,0.3997886812388562,0.6067956299488825,0.4820063694267515,153734,9089,3923,6054
95.9,0.2055320001840591,0.908136574074074,0.2513702673075301,0.298787210584344,0.2730353544605239,153945,8878,6996,2981,0.9259201388888888,0.4054379855344227,0.6067956299488825,0.4860893652896544,153945,8878,3923,6054
96.0,0.2103801077604297,0.9091087962962964,0.2535913978494624,0.2954796030871003,0.2729376909545412,154146,8677,7029,2948,0.9270833333333334,0.4109700631321702,0.6067956299488825,0.4900437105390966,154146,8677,3923,6054
96.1,0.2154630660563714,0.9102372685185184,0.2562544045102184,0.2915706124085396,0.2727741572506915,154380,8443,7068,2909,0.9284375,0.417603642132855,0.6067956299488825,0.494729100269674,154380,8443,3923,6054
96.2,0.2208505334854128,0.9113715277777776,0.259895645915797,0.2895660018041495,0.2739297397240791,154596,8227,7088,2889,0.9296875,0.4239198935648764,0.6067956299488825,0.4991343062082612,154596,8227,3923,6054
96.3,0.2265233408212661,0.9124305555555556,0.2637271977266477,0.2883632354415155,0.2754955472565354,154791,8032,7100,2877,0.9308159722222222,0.4297884424251029,0.6067956299488825,0.503179154718863,154791,8032,3923,6054
96.4,0.2322741995453849,0.9134201388888888,0.2671463277891983,0.2865590858975644,0.2765124038880023,154980,7843,7118,2859,0.9319097222222222,0.4356335899834496,0.6067956299488825,0.5071626036692636,154980,7843,3923,6054
96.5,0.2383301650732756,0.9144618055555556,0.2710636675562333,0.2850556279442718,0.2778836289022424,155175,7648,7133,2844,0.9330381944444444,0.4418333090059845,0.6067956299488825,0.5113391612821487,155175,7648,3923,6054
96.6,0.2454229590594768,0.9155787037037038,0.2755330542303573,0.2836524005211988,0.2795337811141841,155382,7441,7147,2830,0.9342361111111112,0.4486105965172286,0.6067956299488825,0.5158486707566463,155382,7441,3923,6054
96.7,0.252972774147988,0.9166030092592592,0.2795346062052506,0.2817480204470282,0.2806369490340937,155578,7245,7166,2811,0.9353703703703704,0.455222197157681,0.6067956299488825,0.5201924729334938,155578,7245,3923,6054
96.8,0.2609185323715226,0.9177083333333332,0.2843346548744536,0.2803447930239551,0.2823256283435954,155783,7040,7180,2797,0.936556712962963,0.46234916755766,0.6067956299488825,0.524814702440293,155783,7040,3923,6054
96.9,0.2688038166165356,0.9188368055555556,0.2891666666666667,0.2782399518893454,0.2835980998110027,155999,6824,7201,2776,0.9378067129629628,0.4701040534244448,0.6067956299488825,0.5297746663749726,155999,6824,3923,6054
97.0,0.276996396780015,0.9201909722222222,0.2956493784826404,0.2765360328756139,0.2857734735097623,156250,6573,7218,2759,0.9392592592592592,0.4794488001900689,0.6067956299488825,0.5356574057688904,156250,6573,3923,6054
97.1,0.2861730661392275,0.921255787037037,0.3011612620508326,0.2755337275734189,0.2877780685684376,156444,6379,7228,2749,0.9403819444444445,0.4869299445025336,0.6067956299488825,0.5402945113788487,156444,6379,3923,6054
97.2,0.2953407864570641,0.9222395833333332,0.3062709966405375,0.2741305001503458,0.2893108372560427,156628,6195,7242,2735,0.9414467592592592,0.4942444281165809,0.6067956299488825,0.5447673895437776,156628,6195,3923,6054
97.3,0.3051371866762645,0.923460648148148,0.3133831131533601,0.2734288864388092,0.2920458195054062,156846,5977,7249,2728,0.9427083333333334,0.5032000664948882,0.6067956299488825,0.5501635768811342,156846,5977,3923,6054
97.4,0.3160311220288279,0.9246469907407407,0.3205611883989625,0.2725268116668337,0.294598840673926,157060,5763,7258,2719,0.9439467592592592,0.5123127697385124,0.6067956299488825,0.5555657520418463,157060,5763,3923,6054
97.5,0.3272160410881054,0.9257465277777778,0.327156007751938,0.2707226621228826,0.2962759831075522,157268,5555,7276,2701,0.945150462962963,0.52149194590404,0.6067956299488825,0.5609191142407116,157268,5555,3923,6054
97.6,0.3397980508804333,0.9269212962962964,0.33354263468542,0.2662122882630049,0.296098104793757,157516,5307,7321,2656,0.9465856481481482,0.5328756271454977,0.6067956299488825,0.5674383728559377,157516,5307,3923,6054
97.7,0.3529237889945518,0.9280381944444444,0.3393043933054393,0.2600982259196151,0.2944680851063829,157770,5053,7382,2595,0.9480555555555557,0.545061672818943,0.6067956299488825,0.5742743312464428,157770,5053,3923,6054
97.8,0.3667503041028978,0.9288020833333334,0.3410333515582285,0.2500751728976646,0.2885560631469381,158002,4821,7482,2495,0.9493981481481482,0.5566896551724138,0.6067956299488825,0.5806637253021293,158002,4821,3923,6054
97.9,0.3811052097678192,0.9292708333333334,0.3391603381573291,0.237245665029568,0.2791932059447983,158211,4612,7610,2367,0.9506076388888888,0.5675979748734296,0.6067956299488825,0.5865426536840576,158211,4612,3923,6054
98.0,0.3961983668804178,0.9297337962962964,0.3384087177190625,0.2272226120076175,0.2718877428639961,158391,4432,7710,2267,0.9516493055555556,0.577341216860576,0.6067956299488825,0.5917020964667937,158391,4432,3923,6054
98.1,0.4128143249750157,0.930491898148148,0.3421787709497206,0.2210083191340082,0.2685585530722855,158584,4239,7772,2205,0.9527662037037036,0.5881667152433693,0.6067956299488825,0.5973359644795264,158584,4239,3923,6054
98.2,0.4328059006929448,0.9314351851851852,0.3479603445473753,0.2145935651999599,0.265468071915685,158811,4012,7836,2141,0.9540798611111112,0.6014305583151202,0.6067956299488825,0.6041011824577159,158811,4012,3923,6054
98.3,0.4559103202223806,0.9319444444444444,0.3480484063405488,0.2046707427082289,0.2577631911133552,158998,3825,7935,2042,0.9551620370370372,0.6128150622532645,0.6067956299488825,0.6097904915390814,158998,3825,3923,6054
98.4,0.4801369502544416,0.9324421296296296,0.3508000703358537,0.1999599077879122,0.2547242083758937,159131,3692,7982,1995,0.955931712962963,0.6211779191463165,0.6067956299488825,0.6139025503219592,159131,3692,3923,6054
98.5,0.5046394535899181,0.9332754629629628,0.3591510974061309,0.1984564498346196,0.2556488056810845,159290,3533,7997,1980,0.9568518518518518,0.6314801293418171,0.6067956299488825,0.6188918421590678,159290,3533,3923,6054
98.6,0.5292520601749422,0.9341493055555556,0.3686281859070465,0.197153452941766,0.2569058969503036,159454,3369,8010,1967,0.957800925925926,0.6424705507800064,0.6067956299488825,0.6241237113402063,159454,3369,3923,6054
98.7,0.5593984404802544,0.9352083333333332,0.380513624779455,0.1945474591560589,0.2574612017508953,159663,3160,8036,1941,0.9590104166666666,0.657043629259822,0.6067956299488825,0.6309207440987963,159663,3160,3923,6054
98.8,0.5953554503917701,0.9364641203703704,0.3970406905055487,0.1936453843840833,0.2603247321969952,159889,2934,8045,1932,0.960318287037037,0.6735647530040053,0.6067956299488825,0.6384392301608226,159889,2934,3923,6054
98.9,0.6331457711458216,0.9374710648148148,0.4114627887082976,0.1928435401423273,0.2626083395891626,160071,2752,8053,1924,0.9613715277777778,0.687485805132864,0.6067956299488825,0.6446254591918225,160071,2752,3923,6054
99.0,0.6765824258327489,0.9384664351851852,0.4269162210338681,0.1920416959005713,0.264915312824058,160251,2572,8061,1916,0.9624131944444444,0.7018316716902389,0.6067956299488825,0.6508627640703113,160251,2572,3923,6054
99.1,0.7257288274765019,0.9393055555555556,0.4397831722837615,0.187030169389596,0.2624472573839662,160446,2377,8111,1866,0.9635416666666666,0.7180642865614992,0.6067956299488825,0.6577574967405476,160446,2377,3923,6054
99.2,0.7871571326255878,0.9399247685185184,0.4493226292022077,0.1795128796231332,0.2565351285540356,160628,2195,8186,1791,0.9645949074074074,0.7339071402594254,0.6067956299488825,0.6643256885767586,160628,2195,3923,6054
99.3,0.8593859565854137,0.940474537037037,0.4581640942323314,0.1695900571314022,0.2475493782004389,160822,2001,8285,1692,0.9657175925925926,0.7515828677839851,0.6067956299488825,0.6714729370008874,160822,2001,3923,6054
99.4,0.9530301165580758,0.9407291666666666,0.4608335796630209,0.156259396612208,0.2333832335329341,160999,1824,8418,1559,0.966741898148148,0.7684691546077684,0.6067956299488825,0.678129375525063,160999,1824,3923,6054
99.5,1.0686736303568003,0.9408391203703704,0.4604247104247104,0.1434298887441114,0.2187237294612151,161146,1677,8546,1431,0.9675925925925926,0.783081102056655,0.6067956299488825,0.6837587531059408,161146,1677,3923,6054
99.6,1.2272769327163782,0.9407465277777778,0.4520497803806735,0.1237847048210885,0.1943504603037217,161326,1497,8742,1235,0.9686342592592592,0.8017481128327374,0.6067956299488825,0.6907804655408489,161326,1497,3923,6054
99.7,1.460514584779758,0.9408159722222222,0.4433876811594203,0.0981256890848952,0.1606893721789085,161594,1229,8998,979,0.9701851851851852,0.8312508581628449,0.6067956299488825,0.7015063731170336,161594,1229,3923,6054
99.8,1.870091418981564,0.939508101851852,0.3376534788540246,0.0496141124586549,0.0865157738355326,161852,971,9482,495,0.968258101851852,0.8490829965806652,0.547559386589155,0.6657729571628785,161852,971,4514,5463
99.9,2.791328614711829,0.9404918981481482,0.3473053892215569,0.0348802245163876,0.0633937517078058,162169,654,9629,348,0.9564814814814816,0.8262948207171315,0.3118171795128796,0.4527725221947314,162169,654,6866,3111
100.0,306.1107482910156,0.9421238425925926,0.0,0.0,0.0,162799,24,9977,0,0.9421238425925926,0.0,0.0,0.0,162799,24,9977,0
