,tau,Accuracy,Precision,Recall,F1,tn,fp,fn,tp,Accuracy_PA,Precision_PA,Recall_PA,F1_PA,tn_PA,fp_PA,fn_PA,tp_PA
90.0,0.0893639504909515,0.3240046296296296,0.0700493395899904,0.8723063045003508,0.129684543056818,47285.0,115538.0,1274.0,8703.0,0.3313773148148148,0.0794885073497191,1.0,0.1472706875682697,47285.0,115538.0,0.0,9977.0
91.0,0.097084728255868,0.3418692129629629,0.0710127189427895,0.8606795629948882,0.1312003911412615,50488.0,112335.0,1390.0,8587.0,0.3499131944444444,0.0815700830662567,1.0,0.1508364263090657,50488.0,112335.0,0.0,9977.0
92.0,0.1069150891900062,0.3578761574074074,0.0712599561842976,0.8411346096020847,0.1313888040831983,53449.0,109374.0,1585.0,8392.0,0.3670486111111111,0.0835937696374559,1.0,0.1542898676234071,53449.0,109374.0,0.0,9977.0
93.0,0.1204917508363723,0.3741550925925926,0.0702296626419521,0.8039490828906485,0.1291751215898476,56633.0,106190.0,1956.0,8021.0,0.385474537037037,0.0858849759398107,1.0,0.1581842973110096,56633.0,106190.0,0.0,9977.0
93.1,0.1222838981524109,0.3761805555555556,0.0701737426289008,0.8003407838027463,0.129033821889695,57019.0,105804.0,1992.0,7985.0,0.3877083333333333,0.0861713061728608,1.0,0.1586698261740803,57019.0,105804.0,0.0,9977.0
93.2,0.1240669772922992,0.3780266203703704,0.0701437263027951,0.7973338678961611,0.1289438919821375,57368.0,105455.0,2022.0,7955.0,0.3897280092592592,0.0864318386582576,1.0,0.1591113875399692,57368.0,105455.0,0.0,9977.0
93.3,0.1258674190044403,0.3796469907407407,0.0701197403562143,0.7947278741104541,0.1288692048271098,57674.0,105149.0,2048.0,7929.0,0.3914988425925926,0.0866615708006879,1.0,0.15950057152906,57674.0,105149.0,0.0,9977.0
93.4,0.1277574578225613,0.3814409722222222,0.070030347667134,0.7910193444923324,0.1286693676582077,58021.0,104802.0,2085.0,7892.0,0.3935069444444444,0.0869235661575723,1.0,0.1599442111000673,58021.0,104802.0,0.0,9977.0
93.5,0.1297001461684704,0.3831423611111111,0.0699533525620482,0.7876115064648692,0.1284942236466654,58349.0,104474.0,2119.0,7858.0,0.3954050925925926,0.0871726765165878,1.0,0.1603658340566432,58349.0,104474.0,0.0,9977.0
93.6,0.1316719019412996,0.3850347222222222,0.0699502460898071,0.7849052821489426,0.1284528574240535,58703.0,104120.0,2146.0,7831.0,0.3974537037037037,0.087443140485727,1.0,0.1608233795960475,58703.0,104120.0,0.0,9977.0
93.7,0.1337167635411026,0.3870659722222222,0.0699698784379818,0.7822992883632355,0.1284509360213948,59080.0,103743.0,2172.0,7805.0,0.3996354166666667,0.0877330284910306,1.0,0.1613135322602811,59080.0,103743.0,0.0,9977.0
93.8,0.1358669357001781,0.3890393518518518,0.0699601435910354,0.7793926029868699,0.1283952248072255,59450.0,103373.0,2201.0,7776.0,0.4017766203703704,0.0880194089104543,1.0,0.1617974977093418,59450.0,103373.0,0.0,9977.0
93.9,0.1379939589202404,0.3908796296296296,0.0700134485030642,0.7774882229126993,0.1284590544009274,59787.0,103036.0,2220.0,7757.0,0.4037268518518518,0.0882818790758585,1.0,0.1622408325880152,59787.0,103036.0,0.0,9977.0
94.0,0.1402727106213572,0.3927488425925926,0.0700079698594406,0.7747819985967725,0.1284127814740059,60137.0,102686.0,2247.0,7730.0,0.4057523148148148,0.0885561364423102,1.0,0.1627038486627527,60137.0,102686.0,0.0,9977.0
94.1,0.1427605011612177,0.3948611111111111,0.0699666305998308,0.77127393003909,0.1282949032161256,60537.0,102286.0,2282.0,7695.0,0.4080671296296296,0.0888716674238172,1.0,0.1632362565445026,60537.0,102286.0,0.0,9977.0
94.2,0.145217339873315,0.3968344907407407,0.0700038323265872,0.7689686278440413,0.1283254300791998,60901.0,101922.0,2305.0,7672.0,0.4101736111111111,0.0891607610434409,1.0,0.1637237848304834,60901.0,101922.0,0.0,9977.0
94.3,0.1478881981223824,0.39875,0.0699797624607382,0.7659617119374561,0.1282429937909045,61262.0,101561.0,2335.0,7642.0,0.4122627314814814,0.0894493356524233,1.0,0.1642101798131918,61262.0,101561.0,0.0,9977.0
94.4,0.1507397272586822,0.4010706018518518,0.0700005517647275,0.762954796030871,0.1282355814991703,61693.0,101130.0,2365.0,7612.0,0.4147569444444444,0.0897963224639311,1.0,0.1647946879852003,61693.0,101130.0,0.0,9977.0
94.5,0.1537243840843439,0.4033217592592593,0.06991049904403,0.7586448832314323,0.1280234092216095,62125.0,100698.0,2408.0,7569.0,0.4172569444444444,0.0901468262932008,1.0,0.1653847428969267,62125.0,100698.0,0.0,9977.0
94.6,0.1566652080714702,0.4052083333333333,0.0696112713680168,0.752230129297384,0.1274301723406061,62515.0,100308.0,2472.0,7505.0,0.4195138888888889,0.0904656118239107,1.0,0.1659210723254228,62515.0,100308.0,0.0,9977.0
94.7,0.1594295887947084,0.4070138888888889,0.0694287975420138,0.7474190638468478,0.1270552554906203,62875.0,99948.0,2520.0,7457.0,0.4215972222222222,0.090761883102115,1.0,0.166419242381278,62875.0,99948.0,0.0,9977.0
94.8,0.1624965391159057,0.4088541666666667,0.0692649189214449,0.7428084594567506,0.1267140854221523,63239.0,99584.0,2566.0,7411.0,0.4237037037037037,0.0910634258540904,1.0,0.1669259984272783,63239.0,99584.0,0.0,9977.0
94.9,0.165733430325985,0.4108622685185185,0.0691428464180477,0.7384985466573118,0.1264469405091857,63629.0,99194.0,2609.0,7368.0,0.4259606481481481,0.0913887387676214,1.0,0.1674723872830429,63629.0,99194.0,0.0,9977.0
95.0,0.1690919302403927,0.4124942129629629,0.0688882191161511,0.7330860980254585,0.125941678361415,63965.0,98858.0,2663.0,7314.0,0.4279050925925926,0.0916708779344879,1.0,0.1679459987206679,63965.0,98858.0,0.0,9977.0
95.1,0.1725426461249591,0.4144502314814814,0.0686762257869249,0.7277738799238248,0.1255088371289054,64356.0,98467.0,2716.0,7261.0,0.430167824074074,0.0920014016450887,1.0,0.1685005193335641,64356.0,98467.0,0.0,9977.0
95.2,0.1760326292514801,0.4160185185185185,0.0683369568313222,0.721459356519996,0.124848232559753,64690.0,98133.0,2779.0,7198.0,0.4321006944444444,0.0922856350013874,1.0,0.168977110096793,64690.0,98133.0,0.0,9977.0
95.3,0.1795370764434338,0.4179571759259259,0.0681683857314445,0.7167485215996793,0.1244962090547445,65072.0,97751.0,2826.0,7151.0,0.4343113425925926,0.0926128768750928,1.0,0.1695255086869716,65072.0,97751.0,0.0,9977.0
95.4,0.1832770614922051,0.4199074074074074,0.068115484358702,0.7134409141024356,0.1243579440232013,65442.0,97381.0,2859.0,7118.0,0.4364525462962963,0.0929320590920099,1.0,0.1700600843738015,65442.0,97381.0,0.0,9977.0
95.5,0.1873342098295689,0.4217361111111111,0.0679322502858131,0.7087300791821188,0.1239808531902583,65805.0,97018.0,2906.0,7071.0,0.4385532407407407,0.0932473480069162,1.0,0.1705878329856718,65805.0,97018.0,0.0,9977.0
95.6,0.1916679645776754,0.4239583333333333,0.0678087149543985,0.7042197053222412,0.1237058947813226,66234.0,96589.0,2951.0,7026.0,0.4410358796296296,0.0936227314528085,1.0,0.1712157744351869,66234.0,96589.0,0.0,9977.0
95.7,0.1961338096261027,0.4263310185185185,0.0675333495027892,0.6977047208579733,0.1231468704666879,66709.0,96114.0,3016.0,6961.0,0.4437847222222222,0.0940419074191024,1.0,0.1719164627632077,66709.0,96114.0,0.0,9977.0
95.8,0.2008103080093874,0.42859375,0.0671328807740324,0.689886739500852,0.1223590062663881,67178.0,95645.0,3094.0,6883.0,0.4464988425925926,0.0944594876067485,1.0,0.1726139499476639,67178.0,95645.0,0.0,9977.0
95.9,0.2055320001840591,0.4306018518518518,0.066979459501817,0.6853763656409743,0.1220330513616732,67570.0,95253.0,3139.0,6838.0,0.4487673611111111,0.0948113655801577,1.0,0.173201281172151,67570.0,95253.0,0.0,9977.0
96.0,0.2103801077604297,0.4328819444444444,0.0668641557342361,0.680966222311316,0.1217715484021293,68008.0,94815.0,3183.0,6794.0,0.4513020833333333,0.0952076494388884,1.0,0.1738622798839407,68008.0,94815.0,0.0,9977.0
96.1,0.2154630660563714,0.4349305555555555,0.0667213617088576,0.6765560789816578,0.1214640466421939,68406.0,94417.0,3227.0,6750.0,0.453605324074074,0.0955706266643676,1.0,0.1744673037745582,68406.0,94417.0,0.0,9977.0
96.2,0.2208505334854128,0.4377951388888889,0.0667567889944733,0.6731482409541947,0.1214675215452926,68935.0,93888.0,3261.0,6716.0,0.4566666666666666,0.0960573821787897,1.0,0.1752780169006166,68935.0,93888.0,0.0,9977.0
96.3,0.2265233408212661,0.4405555555555555,0.0668931408302942,0.671043399819585,0.1216587014591775,69433.0,93390.0,3282.0,6695.0,0.4595486111111111,0.0965201660104288,1.0,0.1760481366459627,69433.0,93390.0,0.0,9977.0
96.4,0.2322741995453849,0.4430497685185185,0.0670173466109861,0.6691390197454145,0.1218325987973684,69883.0,92940.0,3301.0,6676.0,0.4621527777777778,0.0969421961386359,1.0,0.1767498715609332,69883.0,92940.0,0.0,9977.0
96.5,0.2383301650732756,0.4456828703703703,0.0671851829434373,0.6675353312619023,0.122083111836196,70354.0,92469.0,3317.0,6660.0,0.4648784722222222,0.0973878921578197,1.0,0.1774903711873905,70354.0,92469.0,0.0,9977.0
96.6,0.2454229590594768,0.448599537037037,0.0673618225526692,0.6656309511877317,0.1223425813345123,70877.0,91946.0,3336.0,6641.0,0.4679050925925926,0.0978876210472611,1.0,0.178319928507596,70877.0,91946.0,0.0,9977.0
96.7,0.252972774147988,0.4513425925925926,0.067431543521493,0.6627242658113661,0.1224081753554502,71380.0,91443.0,3365.0,6612.0,0.4708159722222222,0.0983731019522776,1.0,0.1791251110891675,71380.0,91443.0,0.0,9977.0
96.8,0.2609185323715226,0.45484375,0.0676372148415843,0.660318733086098,0.1227055569524767,72009.0,90814.0,3389.0,6588.0,0.4744560185185185,0.0989870127293111,1.0,0.1801422793586595,72009.0,90814.0,0.0,9977.0
96.9,0.2688038166165356,0.4584490740740741,0.0679029573810483,0.6584143530119274,0.1231095035514158,72651.0,90172.0,3408.0,6569.0,0.4781712962962963,0.0996215638698339,1.0,0.1811924522819316,72651.0,90172.0,0.0,9977.0
97.0,0.276996396780015,0.4619618055555555,0.0679721823141149,0.6544051318031472,0.1231526629004725,73298.0,89525.0,3448.0,6529.0,0.4819155092592592,0.1002693413197724,1.0,0.1822632651010696,73298.0,89525.0,0.0,9977.0
97.1,0.2861730661392275,0.4658101851851852,0.0682016048670477,0.6516989074872206,0.1234807049529018,73990.0,88833.0,3475.0,6502.0,0.4859201388888889,0.1009715615828357,1.0,0.1834226516035923,73990.0,88833.0,0.0,9977.0
97.2,0.2953407864570641,0.4700810185185185,0.0684417081865591,0.6484915305201965,0.1238159027844225,74760.0,88063.0,3507.0,6470.0,0.4903761574074074,0.1017645858833129,1.0,0.1847301813603414,74760.0,88063.0,0.0,9977.0
97.3,0.3051371866762645,0.4736400462962963,0.0686970045592057,0.6463866893855869,0.1241947753074056,75396.0,87427.0,3528.0,6449.0,0.4940567129629629,0.102429058354893,1.0,0.1858243078384444,75396.0,87427.0,0.0,9977.0
97.4,0.3160311220288279,0.4785069444444444,0.0689751616269188,0.6426781597674651,0.1245798441780489,76274.0,86549.0,3565.0,6412.0,0.4991377314814815,0.1033607525433562,1.0,0.1873562247072852,76274.0,86549.0,0.0,9977.0
97.5,0.3272160410881054,0.4825694444444444,0.0689673883553095,0.6369650195449534,0.1244589804351657,77033.0,85790.0,3622.0,6355.0,0.5035300925925926,0.1041799367214176,1.0,0.1887010137691027,77033.0,85790.0,0.0,9977.0
97.6,0.3397980508804333,0.4889178240740741,0.0691737427955475,0.6303498045504661,0.124666726135609,78196.0,84627.0,3688.0,6289.0,0.5102604166666667,0.1054606570546699,1.0,0.1907994760042455,78196.0,84627.0,0.0,9977.0
97.7,0.3529237889945518,0.4945775462962963,0.068746376488427,0.6180214493334669,0.1237295447932657,79297.0,83526.0,3811.0,6166.0,0.5166319444444445,0.1067024587446392,1.0,0.1928295322767684,79297.0,83526.0,0.0,9977.0
97.8,0.3667503041028978,0.500931712962963,0.0679108874988668,0.6006815676054926,0.1220259608042758,80568.0,82255.0,3984.0,5993.0,0.5239872685185185,0.10817286841877,1.0,0.1952274261562093,80568.0,82255.0,0.0,9977.0
97.9,0.3811052097678192,0.5071701388888888,0.0675899512284899,0.5889545955698106,0.1212634011948861,81763.0,81060.0,4101.0,5876.0,0.5309027777777777,0.1095928029262827,1.0,0.1975369750727622,81763.0,81060.0,0.0,9977.0
98.0,0.3961983668804178,0.5122974537037037,0.0668563300142247,0.5747218602786409,0.1197789916756316,82791.0,80032.0,4243.0,5734.0,0.5368518518518518,0.1108444711084447,1.0,0.1995679395115316,82791.0,80032.0,0.0,9977.0
98.1,0.4128143249750157,0.5196180555555555,0.0673861791989006,0.5701112558885436,0.1205263492467103,84102.0,78721.0,4289.0,5688.0,0.5444386574074074,0.1124828068276624,1.0,0.2022194071446668,84102.0,78721.0,0.0,9977.0
98.2,0.4328059006929448,0.5260590277777778,0.0667469879518072,0.5552771374160569,0.1191692569129999,85363.0,77460.0,4437.0,5540.0,0.5517361111111111,0.1141050127520386,1.0,0.2048370870716734,85363.0,77460.0,0.0,9977.0
98.3,0.4559103202223806,0.53390625,0.0665708459251615,0.5431492432594969,0.1186049311110868,86840.0,75983.0,4558.0,5419.0,0.5602835648148148,0.1160656119125174,1.0,0.2079906605376445,86840.0,75983.0,0.0,9977.0
98.4,0.4801369502544416,0.5405381944444444,0.0670467019259554,0.5387390999298386,0.1192523157135725,88030.0,74793.0,4602.0,5375.0,0.5671701388888889,0.1176949392473752,1.0,0.2106029742366513,88030.0,74793.0,0.0,9977.0
98.5,0.5046394535899181,0.5494328703703704,0.0678186240179287,0.5338278039490829,0.1203479832787255,89616.0,73207.0,4651.0,5326.0,0.5763483796296296,0.1199389305635699,1.0,0.2141883406146348,89616.0,73207.0,0.0,9977.0
98.6,0.5292520601749422,0.5553472222222222,0.0682672314705996,0.5298185827403027,0.1209500274574409,90678.0,72145.0,4691.0,5286.0,0.582494212962963,0.1214899783249312,1.0,0.2166581613263987,90678.0,72145.0,0.0,9977.0
98.7,0.5593984404802544,0.567662037037037,0.0697049869045561,0.525508669940864,0.1230837852430922,92849.0,69974.0,4734.0,5243.0,0.5950578703703704,0.1247889332215982,1.0,0.221888622008718,92849.0,69974.0,0.0,9977.0
98.8,0.5953554503917701,0.5739525462962963,0.0705301230835672,0.5238047509271324,0.1243205309671356,93953.0,68870.0,4751.0,5226.0,0.6014467592592593,0.1265362030261138,1.0,0.2246464919391155,93953.0,68870.0,0.0,9977.0
98.9,0.6331457711458216,0.5834317129629629,0.0712369309066769,0.5162874611606696,0.1251990034635717,95666.0,67157.0,4826.0,5151.0,0.6113599537037037,0.129346332356678,1.0,0.2290640676837598,95666.0,67157.0,0.0,9977.0
99.0,0.6765824258327489,0.5951446759259259,0.0729116231380479,0.5131803147238649,0.1276823900547388,97721.0,65102.0,4857.0,5120.0,0.6232523148148148,0.1328866926837065,1.0,0.2345983822422874,97721.0,65102.0,0.0,9977.0
99.1,0.7257288274765019,0.6026215277777778,0.0731139623519827,0.5037586448832314,0.1276947115689986,99107.0,63716.0,4951.0,5026.0,0.6312731481481482,0.1353859932422347,1.0,0.2384845225289829,99107.0,63716.0,0.0,9977.0
99.2,0.7871571326255878,0.6203587962962963,0.074868925880069,0.4909291370151348,0.1299238706596992,102300.0,60523.0,5079.0,4898.0,0.6497511574074074,0.1415177304964539,1.0,0.2479466182884551,102300.0,60523.0,0.0,9977.0
99.3,0.8593859565854137,0.6371585648148148,0.0764212488350419,0.4766964017239651,0.1317250834360415,105345.0,57478.0,5221.0,4756.0,0.6673726851851852,0.1479060114150174,1.0,0.2576970761442297,105345.0,57478.0,0.0,9977.0
99.4,0.9530301165580758,0.6645601851851852,0.0797470793267125,0.4563496040894056,0.1357685999701804,110283.0,52540.0,5424.0,4553.0,0.695949074074074,0.1595885919030024,1.0,0.2752503655474936,110283.0,52540.0,0.0,9977.0
99.5,1.0686736303568003,0.6866898148148148,0.0819560402112796,0.4338979653202365,0.1378706328227013,114331.0,48492.0,5648.0,4329.0,0.719375,0.1706374318014674,1.0,0.2915290886246092,114331.0,48492.0,0.0,9977.0
99.51,1.0828941553592706,0.6944560185185186,0.0833965715175218,0.4295880525207978,0.1396773667915919,115716.0,47107.0,5691.0,4286.0,0.7273900462962963,0.1747775208464718,1.0,0.2975499917985117,115716.0,47107.0,0.0,9977.0
99.52,1.098581166648854,0.6952835648148148,0.0833691280409231,0.4279843640372857,0.1395538851213334,115875.0,46948.0,5707.0,4270.0,0.7283101851851852,0.1752657004830917,1.0,0.2982571522525485,115875.0,46948.0,0.0,9977.0
99.53,1.113785701370255,0.7001793981481481,0.0837114879388583,0.4215696101032374,0.1396854917719732,116785.0,46038.0,5771.0,4206.0,0.7335763888888889,0.1781130054449701,1.0,0.302369984240514,116785.0,46038.0,0.0,9977.0
99.54,1.129726651597014,0.7033159722222222,0.0830640601017852,0.4122481707928235,0.1382683677071252,117420.0,45403.0,5864.0,4113.0,0.7372511574074074,0.180155290718671,1.0,0.3053077711645272,117420.0,45403.0,0.0,9977.0
99.55,1.1450404988527143,0.7076967592592592,0.0836534708383836,0.4081387190538238,0.1388481603982678,118218.0,44605.0,5905.0,4072.0,0.7418692129629629,0.1827891979040709,1.0,0.3090816152666553,118218.0,44605.0,0.0,9977.0
99.56,1.1596609749317162,0.7066087962962962,0.0843184091790694,0.413952089806555,0.1400997320126191,117972.0,44851.0,5847.0,4130.0,0.7404456018518518,0.181969066900124,1.0,0.3079083404058328,117972.0,44851.0,0.0,9977.0
99.57,1.1771569558501196,0.7104513888888889,0.0836157252447974,0.4031271925428485,0.1385033919900823,118744.0,44079.0,5955.0,4022.0,0.7449131944444445,0.1845678555571999,1.0,0.311620570643262,118744.0,44079.0,0.0,9977.0
99.58,1.1947015505075451,0.7188831018518519,0.0854810996563573,0.3989175102736293,0.1407927551868688,120243.0,42580.0,5997.0,3980.0,0.7535879629629629,0.1898319919325684,1.0,0.319090414814341,120243.0,42580.0,0.0,9977.0
99.59,1.2103383746027858,0.7160243055555555,0.0838230284448986,0.3946075974741906,0.1382737729388005,119792.0,43031.0,6040.0,3937.0,0.7509780092592593,0.1882168729248415,1.0,0.316805588632214,119792.0,43031.0,0.0,9977.0
99.6,1.2272769327163782,0.7174247685185186,0.0862583063554268,0.4059336473889947,0.1422824922271601,119921.0,42902.0,5927.0,4050.0,0.751724537037037,0.1886760339643336,1.0,0.3174557719231258,119921.0,42902.0,0.0,9977.0
99.61,1.2454951980948366,0.7229398148148148,0.0841398380406873,0.3842838528615816,0.1380527149647126,121090.0,41733.0,6143.0,3834.0,0.7584895833333334,0.1929414039837555,1.0,0.3234717201355229,121090.0,41733.0,0.0,9977.0
99.62,1.266785056090353,0.7307638888888889,0.0857006824313601,0.3788714042297283,0.1397825604615043,122496.0,40327.0,6197.0,3780.0,0.7666261574074074,0.1983341284987277,1.0,0.3310164064962426,122496.0,40327.0,0.0,9977.0
99.63,1.286996158373316,0.7194444444444444,0.0835622661100175,0.3871905382379473,0.1374586343095043,120457.0,42366.0,6114.0,3863.0,0.7548263888888889,0.1906081042355233,1.0,0.320186136071887,120457.0,42366.0,0.0,9977.0
99.64,1.3082621233939882,0.7244212962962963,0.0837332743558553,0.3794727874110454,0.1371937962023481,121394.0,41429.0,6191.0,3786.0,0.7602488425925926,0.1940824028323542,1.0,0.3250737174787808,121394.0,41429.0,0.0,9977.0
99.65,1.333789316236936,0.729837962962963,0.085484563091447,0.3793725568808259,0.1395288826630294,122331.0,40492.0,6192.0,3785.0,0.7656712962962963,0.1976857080584121,1.0,0.3301128279786917,122331.0,40492.0,0.0,9977.0
99.66,1.3530533494948809,0.7355208333333333,0.0859123258455618,0.371454344993485,0.1395488948299883,123392.0,39431.0,6271.0,3706.0,0.7718113425925925,0.2019308613989637,1.0,0.3360107771322725,123392.0,39431.0,0.0,9977.0
99.67,1.3833577579378704,0.7342997685185185,0.0823726292301971,0.3552169990979252,0.1337333257863059,123343.0,39480.0,6433.0,3544.0,0.7715277777777778,0.2017307964494409,1.0,0.3357337550896793,123343.0,39480.0,0.0,9977.0
99.68,1.406349029159532,0.7349247685185185,0.0777589214161127,0.3306605191941465,0.1259088220140068,123696.0,39127.0,6678.0,3299.0,0.7735706018518519,0.2031810035842293,1.0,0.3377397132749953,123696.0,39127.0,0.0,9977.0
99.69,1.4314658641815186,0.7435243055555556,0.0799657534246575,0.3276536032875614,0.1285565408891598,125212.0,37611.0,6708.0,3269.0,0.78234375,0.209653694208624,1.0,0.3466342395552853,125212.0,37611.0,0.0,9977.0
99.7,1.460514584779758,0.7419675925925926,0.0781101440795728,0.3211386188232936,0.1256569142677857,125008.0,37815.0,6773.0,3204.0,0.7811631944444445,0.2087587880816873,1.0,0.345410168083228,125008.0,37815.0,0.0,9977.0
99.8,1.870091418981564,0.7737962962962963,0.0799399728723557,0.2776385687080284,0.1241373128977323,130942.0,31881.0,7207.0,2770.0,0.8120833333333334,0.2274456587588145,0.9407637566402728,0.3663258137538053,130942.0,31881.0,591.0,9386.0
99.9,2.791328614711829,0.8089293981481481,0.0893048128342246,0.2510774781998597,0.1317484944907566,137278.0,25545.0,7472.0,2505.0,0.8400636574074074,0.2358659886329644,0.7903177307807958,0.3633054576450802,137278.0,25545.0,2092.0,7885.0
100.0,306.1107482910156,0.9052372685185184,0.034487776484284,0.0237546356620226,0.0281322333669654,156188.0,6635.0,9740.0,237.0,0.9072280092592592,0.0805155210643015,0.0582339380575323,0.06758564532077,156188.0,6635.0,9396.0,581.0
Qbest,0.136281818151474,0.3894155092592593,0.0699778534003132,0.7790919113962113,0.1284209656767584,59518.0,103305.0,2204.0,7773.0,0.4021701388888888,0.0880722444872089,1.0,0.1618867587762354,59518.0,103305.0,0.0,9977.0
