,tau,Accuracy,Precision,Recall,F1,tn,fp,fn,tp,Accuracy_PA,Precision_PA,Recall_PA,F1_PA,tn_PA,fp_PA,fn_PA,tp_PA
90.0,0.0709758527576923,0.4359243697478991,0.0110633066994468,0.9,0.0218579234972677,1227,1609,2,18,0.436624649859944,0.0122774708410067,1.0,0.0242571255306246,1227,1609,0,20
91.0,0.1174455790966752,0.4467787114845938,0.0112781954887218,0.9,0.0222772277227722,1258,1578,2,18,0.4474789915966387,0.0125156445556946,1.0,0.0247218788627935,1258,1578,0,20
92.0,0.3603255414962775,0.5150560224089635,0.012847965738758,0.9,0.0253342716396903,1453,1383,2,18,0.5157563025210085,0.0142551674982181,1.0,0.0281096275474349,1453,1383,0,20
93.0,0.589044482111931,0.5927871148459384,0.015267175572519,0.9,0.0300250208507089,1675,1161,2,18,0.5934873949579832,0.016934801016088,1.0,0.0333055786844296,1675,1161,0,20
94.0,0.6159089207649232,0.6057422969187675,0.0157618213660245,0.9,0.0309810671256454,1712,1124,2,18,0.6064425770308123,0.0174825174825174,1.0,0.0343642611683848,1712,1124,0,20
95.0,0.7196991652250311,0.6386554621848739,0.0171755725190839,0.9,0.0337078651685393,1806,1030,2,18,0.6393557422969187,0.019047619047619,1.0,0.0373831775700934,1806,1030,0,20
96.0,1.6982433605194107,0.8004201680672269,0.030716723549488,0.9,0.0594059405940594,2268,568,2,18,0.8011204481792717,0.0340136054421768,1.0,0.0657894736842105,2268,568,0,20
97.0,1.875160067081453,0.8224789915966386,0.034416826003824,0.9,0.0662983425414364,2331,505,2,18,0.8231792717086834,0.0380952380952381,1.0,0.073394495412844,2331,505,0,20
98.0,2.8445612955094526,0.9054621848739496,0.0567375886524822,0.8,0.1059602649006622,2570,266,4,16,0.9068627450980392,0.0699300699300699,1.0,0.130718954248366,2570,266,0,20
99.0,4.778543596267699,0.9541316526610644,0.0948905109489051,0.65,0.1656050955414012,2712,124,7,13,0.9565826330532212,0.1388888888888889,1.0,0.2439024390243902,2712,124,0,20
99.1,4.9967490200996085,0.957983193277311,0.1031746031746031,0.65,0.1780821917808219,2723,113,7,13,0.9604341736694678,0.150375939849624,1.0,0.261437908496732,2723,113,0,20
99.2,5.393124061584474,0.963935574229692,0.1192660550458715,0.65,0.2015503875968992,2740,96,7,13,0.9663865546218487,0.1724137931034483,1.0,0.2941176470588235,2740,96,0,20
99.3,5.777269982337846,0.9705882352941176,0.1444444444444444,0.65,0.2363636363636363,2759,77,7,13,0.9730392156862744,0.2061855670103092,1.0,0.3418803418803419,2759,77,0,20
99.4,6.927623596191418,0.9796918767507002,0.203125,0.65,0.3095238095238095,2785,51,7,13,0.9821428571428572,0.2816901408450704,1.0,0.4395604395604395,2785,51,0,20
99.5,7.271403317451472,0.9814425770308124,0.2203389830508474,0.65,0.3291139240506329,2790,46,7,13,0.9838935574229692,0.303030303030303,1.0,0.4651162790697675,2790,46,0,20
99.6,16.308629081726064,0.9912464985994398,0.1428571428571428,0.05,0.074074074074074,2830,6,19,1,0.9978991596638656,0.7692307692307693,1.0,0.8695652173913044,2830,6,0,20
99.7,16.72037953186037,0.9912464985994398,0.1428571428571428,0.05,0.074074074074074,2830,6,19,1,0.9978991596638656,0.7692307692307693,1.0,0.8695652173913044,2830,6,0,20
99.8,21.886287788391083,0.992296918767507,0.0,0.0,0.0,2834,2,20,0,0.992296918767507,0.0,0.0,0.0,2834,2,20,0
99.9,31.93991654396064,0.992296918767507,0.0,0.0,0.0,2834,2,20,0,0.992296918767507,0.0,0.0,0.0,2834,2,20,0
100.0,41.84105682373047,0.9929971988795518,1.0,0.0,0.0,2836,0,20,0,0.9929971988795518,1.0,0.0,0.0,2836,0,20,0
