,tau,Accuracy,Precision,Recall,F1,tn,fp,fn,tp,Accuracy_PA,Precision_PA,Recall_PA,F1_PA,tn_PA,fp_PA,fn_PA,tp_PA
90.0,0.0709758527576923,0.8799019607843137,0.0501392757660167,0.9,0.0949868073878627,2495,341,2,18,0.8806022408963585,0.0554016620498614,1.0,0.1049868766404199,2495,341,0,20
91.0,0.1174455790966752,0.9044117647058824,0.0622837370242214,0.9,0.116504854368932,2565,271,2,18,0.9051120448179272,0.0687285223367697,1.0,0.1286173633440514,2565,271,0,20
92.0,0.3603255414962775,0.9236694677871148,0.0695652173913043,0.8,0.128,2622,214,4,16,0.9250700280112044,0.0854700854700854,1.0,0.1574803149606299,2622,214,0,20
93.0,0.589044482111931,0.9450280112044818,0.0797546012269938,0.65,0.1420765027322404,2686,150,7,13,0.9474789915966386,0.1176470588235294,1.0,0.2105263157894736,2686,150,0,20
94.0,0.6159089207649232,0.9495798319327732,0.0866666666666666,0.65,0.1529411764705882,2699,137,7,13,0.95203081232493,0.1273885350318471,1.0,0.2259887005649717,2699,137,0,20
95.0,0.7196991652250311,0.9534313725490196,0.0935251798561151,0.65,0.1635220125786163,2710,126,7,13,0.9558823529411764,0.136986301369863,1.0,0.2409638554216867,2710,126,0,20
96.0,1.6982433605194107,0.9681372549019608,0.1263157894736842,0.6,0.208695652173913,2753,83,8,12,0.97093837535014,0.1941747572815534,1.0,0.3252032520325203,2753,83,0,20
97.0,1.875160067081453,0.976890756302521,0.1714285714285714,0.6,0.2666666666666666,2778,58,8,12,0.9796918767507002,0.2564102564102564,1.0,0.4081632653061224,2778,58,0,20
98.0,2.8445612955094526,0.9824929971988796,0.2222222222222222,0.6,0.3243243243243243,2794,42,8,12,0.9852941176470588,0.3225806451612903,1.0,0.4878048780487805,2794,42,0,20
99.0,4.778543596267699,0.9926470588235294,0.48,0.6,0.5333333333333332,2823,13,8,12,0.9954481792717088,0.6060606060606061,1.0,0.7547169811320755,2823,13,0,20
99.1,4.9967490200996085,0.9929971988795518,0.5,0.6,0.5454545454545454,2824,12,8,12,0.9957983193277312,0.625,1.0,0.7692307692307693,2824,12,0,20
99.2,5.393124061584474,0.9943977591036416,0.6,0.6,0.6,2828,8,8,12,0.9971988795518208,0.7142857142857143,1.0,0.8333333333333333,2828,8,0,20
99.3,5.777269982337846,0.9943977591036416,0.6,0.6,0.6,2828,8,8,12,0.9971988795518208,0.7142857142857143,1.0,0.8333333333333333,2828,8,0,20
99.4,6.927623596191418,0.994747899159664,0.631578947368421,0.6,0.6153846153846154,2829,7,8,12,0.9975490196078431,0.7407407407407407,1.0,0.851063829787234,2829,7,0,20
99.5,7.271403317451472,0.994747899159664,0.631578947368421,0.6,0.6153846153846154,2829,7,8,12,0.9975490196078431,0.7407407407407407,1.0,0.851063829787234,2829,7,0,20
99.6,16.308629081726064,0.9926470588235294,0.3333333333333333,0.05,0.0869565217391304,2834,2,19,1,0.9992997198879552,0.9090909090909092,1.0,0.9523809523809524,2834,2,0,20
99.7,16.72037953186037,0.992296918767507,0.0,0.0,0.0,2834,2,20,0,0.992296918767507,0.0,0.0,0.0,2834,2,20,0
99.8,21.886287788391083,0.992296918767507,0.0,0.0,0.0,2834,2,20,0,0.992296918767507,0.0,0.0,0.0,2834,2,20,0
99.9,31.93991654396064,0.9929971988795518,1.0,0.0,0.0,2836,0,20,0,0.9929971988795518,1.0,0.0,0.0,2836,0,20,0
100.0,41.84105682373047,0.9929971988795518,1.0,0.0,0.0,2836,0,20,0,0.9929971988795518,1.0,0.0,0.0,2836,0,20,0
