,tau,Accuracy,Precision,Recall,F1,ROC_AUC,tn,fp,fn,tp,Accuracy_PA,Precision_PA,Recall_PA,F1_PA,tn_PA,fp_PA,fn_PA,tp_PA
Q90.000,0.0729708671569824,0.3737724460802185,0.0735612026080237,0.8492532825498647,0.1353946947906679,0.4920312514910219,56116,106710,1504,8473,0.3824759986805784,0.0855022410379905,1.0,0.1575348954714836,56116,106710,0,9977
Q91.000,0.0803600944578648,0.3828752973038662,0.0738895843986387,0.8400320737696703,0.135831381733021,0.4922416733705239,57781,105045,1596,8381,0.3921112480686099,0.0867399280137712,1.0,0.1596332770662165,57781,105045,0,9977
Q92.000,0.0902358442544937,0.3900510986499077,0.0740608484502214,0.8315124787010123,0.1360078037264433,0.4921875387519505,59106,103720,1681,8296,0.3997789390230494,0.0877507761858272,1.0,0.1613435321894658,59106,103720,0,9977
Q93.000,0.103907322883606,0.4104269023107237,0.0729771673373045,0.7871103538137717,0.1335703229976357,0.4934724582494191,63070,99756,2124,7853,0.4227183555841044,0.0909206893095058,1.0,0.1666861582156879,63070,99756,0,9977
Q94.000,0.1240290224552154,0.4236732001180535,0.0727784134248665,0.7650596371654806,0.1329131006381848,0.494426322632384,65579,97247,2344,7633,0.4372377794366996,0.09304819816459,1.0,0.1702545200126278,65579,97247,0,9977
Q95.000,0.1536735966801643,0.4277703512091804,0.0673589753571845,0.6936954996491932,0.1227944111776447,0.4943313939922606,66999,95827,3056,6921,0.4454552293652309,0.0942970020037049,1.0,0.1723426123457216,66999,95827,0,9977
Q96.000,0.1969951599836349,0.4317980590614746,0.0656733761373931,0.6684374060338779,0.1195965030262272,0.4948151208270589,67947,94879,3308,6669,0.450941245233011,0.0951495384145876,1.0,0.1737653810315849,67947,94879,0,9977
Q97.000,0.2583243042230607,0.4359993750108505,0.0649034157598424,0.6540042096822692,0.1180877921654857,0.4949636313053882,68817,94009,3452,6525,0.4559758800483788,0.0959456080626238,1.0,0.1750919157972324,68817,94009,0,9977
Q98.000,0.3750189244747173,0.4418557548190714,0.0626188645652086,0.6204269820587351,0.1137564435949976,0.4953959806521996,70164,92662,3787,6190,0.4637708836073447,0.0972047662194682,1.0,0.1771861902393976,70164,92662,0,9977
Q99.000,0.6537597477436075,0.4460628577050167,0.0598983729405122,0.5848451438308109,0.1086673122765196,0.4958664924659157,71246,91580,4142,5835,0.4700323489754229,0.0982403970184231,1.0,0.1789050872379722,71246,91580,0,9977
Q99.100,0.7029751884937283,0.4464158608357493,0.0598906969099276,0.5843439911797134,0.1086460245431928,0.4958502242258763,71312,91514,4147,5830,0.4704142867890025,0.0983042831384063,1.0,0.1790110166146337,71312,91514,0,9977
Q99.200,0.7672764587402343,0.4468093725224678,0.0598601686201933,0.5835421469379573,0.108581926014342,0.4959046555483887,71388,91438,4155,5822,0.470854093968276,0.0983779519794902,1.0,0.1791331513932778,71388,91438,0,9977
Q99.300,0.8363179117441185,0.4472028842091862,0.0598386466072567,0.5828405332264208,0.1085343661051747,0.4959020793948937,71463,91363,4162,5815,0.4712881142109801,0.098450759818433,1.0,0.1792538426296073,71463,91363,0,9977
Q99.400,0.9279615771770436,0.447006128365827,0.0586554725855027,0.5700110253583242,0.1063656682221577,0.4959350033752412,71557,91269,4290,5687,0.4718320862485026,0.098542164628726,1.0,0.1794053388238044,71557,91269,0,9977
Q99.500,1.0516530752182076,0.4464505824551657,0.0568073660252431,0.5503658414353012,0.1029848926732747,0.4958650649629396,71657,91169,4486,5491,0.4724107799054414,0.0986395902952168,1.0,0.1795667863538601,71657,91169,0,9977
Q99.600,1.2076574707031245,0.4455709680966186,0.0515486540712255,0.4944372055728175,0.0933634892545872,0.4957195082892807,72063,90763,5044,4933,0.4660740843619613,0.0854099698707161,0.8495539741405232,0.1552153530618224,72063,90763,1501,8476
Q99.700,1.446813035011298,0.4462711874215146,0.0515200669771335,0.4934349002706224,0.0932987150816813,0.4958372772848053,72194,90632,5054,4923,0.4668321730525511,0.0855228639464019,0.8495539741405232,0.1554017509281752,72194,90632,1501,8476
Q99.800,1.886606822013848,0.4470119153023963,0.0515703761147731,0.4932344392101834,0.0933776091081594,0.4959167443871964,72324,90502,5056,4921,0.4675844748065716,0.0856351916587524,0.8495539741405232,0.1555871690147308,72324,90502,1501,8476
Q99.900,2.7529450345040143,0.4473764923062678,0.0511431630660704,0.4883231432294276,0.0925892492326989,0.4957399245365664,72436,90390,5105,4872,0.4648125321898346,0.0802340371406766,0.7903177307807958,0.1456786017810294,72436,90390,2092,7885
Q100.000,264.7657775878906,0.4423129228080531,0.0416282006388013,0.3932043700511176,0.0752859445766485,0.494409223067304,72510,90316,6054,3923,0.4423129228080531,0.0416282006388013,0.3932043700511176,0.0752859445766485,72510,90316,6054,3923
Q_off_f1_best,0.140673279762268,0.4259301053801149,0.0686911460448208,0.7121379172095821,0.1252964879949916,0.4943760839458224,66497,96329,2872,7105,0.442550187207398,0.0938517110981506,1.0,0.171598599967321,66497,96329,0,9977
