,tau,Accuracy,Precision,Recall,F1,tn,fp,fn,tp,Accuracy_PA,Precision_PA,Recall_PA,F1_PA,tn_PA,fp_PA,fn_PA,tp_PA
90.0,0.0893639504909515,0.3589293981481481,0.0711003318866479,0.8374260799839631,0.1310721877524767,53668.0,109155.0,1622.0,8355.0,0.3683159722222222,0.0837474398146593,1.0,0.1545515804475288,53668.0,109155.0,0.0,9977.0
91.0,0.097084728255868,0.3732638888888889,0.0720509762615667,0.8296080986268417,0.1325868614541784,56223.0,106600.0,1700.0,8277.0,0.3831018518518518,0.085582919443801,1.0,0.157671823885456,56223.0,106600.0,0.0,9977.0
91.1,0.0979431363642219,0.3741956018518518,0.0720774918044221,0.8286057933246467,0.1326189311238199,56394.0,106429.0,1710.0,8267.0,0.3840914351851852,0.0857086404480868,1.0,0.1578851586051921,56394.0,106429.0,0.0,9977.0
91.2,0.0988020859956745,0.3752025462962963,0.0721571161604694,0.8282048712037686,0.1327485521041681,56572.0,106251.0,1714.0,8263.0,0.3851215277777777,0.0858399008844684,1.0,0.1581078404183669,56572.0,106251.0,0.0,9977.0
91.3,0.0996901048868893,0.3763194444444444,0.0722564842759043,0.8279041796131101,0.1329128182022978,56768.0,106055.0,1717.0,8260.0,0.386255787037037,0.0859849007170435,1.0,0.1583537683816235,56768.0,106055.0,0.0,9977.0
91.4,0.1006071780472993,0.3773784722222222,0.0723573531473433,0.8277037185526711,0.1330808589500826,56953.0,105870.0,1719.0,8258.0,0.3873263888888889,0.0861222129187635,1.0,0.1585865971515768,56953.0,105870.0,0.0,9977.0
91.5,0.1016042267903685,0.3784259259259259,0.0724422717418969,0.8273027964317932,0.1332192775751315,57138.0,105685.0,1723.0,8254.0,0.3883969907407407,0.0862599643789663,1.0,0.1588201115895542,57138.0,105685.0,0.0,9977.0
91.6,0.1025523499548434,0.379375,0.0725166348765459,0.8269018743109151,0.1333397982932506,57306.0,105517.0,1727.0,8250.0,0.3893692129629629,0.0863854399362737,1.0,0.1590327645432012,57306.0,105517.0,0.0,9977.0
91.7,0.1035787012279033,0.3802777777777777,0.0725710613649768,0.826300491129598,0.1334239658186055,57468.0,105355.0,1733.0,8244.0,0.390306712962963,0.0865067804252072,1.0,0.1592383627672393,57468.0,105355.0,0.0,9977.0
91.8,0.104645667001605,0.3812962962962963,0.0726309199446252,0.8255988774180616,0.133515958050346,57651.0,105172.0,1740.0,8237.0,0.3913657407407407,0.0866442609141199,1.0,0.1594712529769991,57651.0,105172.0,0.0,9977.0
91.9,0.1057668604105711,0.3823379629629629,0.0727161922258238,0.8251979552971835,0.1336547671228429,57835.0,104988.0,1744.0,8233.0,0.3924305555555555,0.0867829339364154,1.0,0.1597061036320852,57835.0,104988.0,0.0,9977.0
92.0,0.1069150891900062,0.3832696759259259,0.072736601850705,0.8240954194647689,0.1336747551111653,58007.0,104816.0,1755.0,8222.0,0.3934259259259259,0.0869129650762677,1.0,0.1599262643263605,58007.0,104816.0,0.0,9977.0
92.1,0.1080445441603661,0.3840798611111111,0.0727056863891694,0.8224917309812569,0.1336014262106917,58163.0,104660.0,1771.0,8206.0,0.3943287037037037,0.0870312377330181,1.0,0.1601264705410306,58163.0,104660.0,0.0,9977.0
92.2,0.1092474988400936,0.3848090277777777,0.0726656492884267,0.8208880424977448,0.1335126543587235,58305.0,104518.0,1787.0,8190.0,0.3951504629629629,0.0871391763832481,1.0,0.1603091458319943,58305.0,104518.0,0.0,9977.0
92.3,0.1104299904480581,0.3858564814814815,0.0725850188930873,0.8182820487120377,0.1333420442295756,58512.0,104311.0,1813.0,8164.0,0.3963483796296296,0.0872970040599188,1.0,0.1605761879853539,58512.0,104311.0,0.0,9977.0
92.4,0.1116618599891662,0.3866087962962963,0.0724558950565059,0.8154755938658915,0.133086876155268,58670.0,104153.0,1841.0,8136.0,0.3972627314814815,0.0874178568299307,1.0,0.1607806167258897,58670.0,104153.0,0.0,9977.0
92.5,0.112959672510624,0.3880555555555555,0.0724649327226135,0.8134709832615015,0.1330753590870335,58940.0,103883.0,1861.0,8116.0,0.3988252314814814,0.0876251536975232,1.0,0.1611311643531416,58940.0,103883.0,0.0,9977.0
92.6,0.1143131724596023,0.3889525462962963,0.0723894881840462,0.8111656810664528,0.1329172654485731,59118.0,103705.0,1884.0,8093.0,0.3998553240740741,0.0877623546383772,1.0,0.1613631033729853,59118.0,103705.0,0.0,9977.0
92.7,0.1157924358174207,0.3897395833333333,0.0721864750058251,0.8073569209181116,0.132523876508477,59292.0,103531.0,1922.0,8055.0,0.4008622685185185,0.0878968883250519,1.0,0.1615904765761023,59292.0,103531.0,0.0,9977.0
92.8,0.1173368897438053,0.3907233796296296,0.072104592065801,0.804851157662624,0.1323520928277692,59487.0,103336.0,1947.0,8030.0,0.4019907407407407,0.0880481498151138,1.0,0.1618460540189796,59487.0,103336.0,0.0,9977.0
92.9,0.118862300813198,0.3917939814814815,0.0720167016116695,0.8021449333466975,0.1321673933148368,59699.0,103124.0,1974.0,8003.0,0.4032175925925926,0.0882131899806367,1.0,0.1621248314077251,59699.0,103124.0,0.0,9977.0
93.0,0.1204917508363723,0.3928819444444444,0.0718222575029091,0.7980354816076977,0.1317841005015144,59928.0,102895.0,2015.0,7962.0,0.404542824074074,0.0883921610319654,1.0,0.1624270445831875,59928.0,102895.0,0.0,9977.0
93.1,0.1222838981524109,0.3940335648148148,0.071610744324862,0.7936253382780395,0.1313678482251735,60171.0,102652.0,2059.0,7918.0,0.4059490740740741,0.0885828694208418,1.0,0.1627489682397272,60171.0,102652.0,0.0,9977.0
93.2,0.1240669772922992,0.3955266203703704,0.0713741289198606,0.7884133507066252,0.1308981986104755,60481.0,102342.0,2111.0,7866.0,0.4077430555555555,0.0888273577934276,1.0,0.1631615097795512,60481.0,102342.0,0.0,9977.0
93.3,0.1258674190044403,0.3971469907407407,0.0709939517598192,0.7811967525308209,0.1301592338073329,60833.0,101990.0,2183.0,7794.0,0.4097800925925925,0.0891066117695392,1.0,0.1636324870432329,60833.0,101990.0,0.0,9977.0
93.4,0.1277574578225613,0.3987268518518518,0.0708888056360164,0.7775884534429187,0.1299323373752261,61142.0,101681.0,2219.0,7758.0,0.411568287037037,0.0893532035322144,1.0,0.1640481769227607,61142.0,101681.0,0.0,9977.0
93.5,0.1297001461684704,0.4000462962962963,0.0708245921012853,0.7748822291269921,0.1297866268235768,61397.0,101426.0,2246.0,7731.0,0.4130439814814814,0.0895577318384603,1.0,0.1643928159499093,61397.0,101426.0,0.0,9977.0
93.6,0.1316719019412996,0.4016087962962963,0.0707242434546072,0.7713741605693094,0.1295688334427664,61702.0,101121.0,2281.0,7696.0,0.4148090277777778,0.0898035968244252,1.0,0.164806937848441,61702.0,101121.0,0.0,9977.0
93.7,0.1337167635411026,0.4031134259259259,0.070600923647023,0.7676656309511878,0.1293094715515786,61999.0,100824.0,2318.0,7659.0,0.4165277777777778,0.0900443136794794,1.0,0.1652122075212373,61999.0,100824.0,0.0,9977.0
93.8,0.1358669357001781,0.4043113425925926,0.0704661392872985,0.7642577929237245,0.1290349875195667,62240.0,100583.0,2352.0,7625.0,0.4179224537037037,0.0902405933429811,1.0,0.1655425305093042,62240.0,100583.0,0.0,9977.0
93.9,0.1379939589202404,0.4059953703703703,0.070417311811009,0.7612508770171394,0.1289101617529745,62561.0,100262.0,2382.0,7595.0,0.4197800925925926,0.0905033608795435,1.0,0.1659845611233113,62561.0,100262.0,0.0,9977.0
94.0,0.1402727106213572,0.4071527777777777,0.0703805231612693,0.7591460358825298,0.1288182869582965,62782.0,100041.0,2403.0,7574.0,0.4210590277777777,0.0906851606100819,1.0,0.1662902620942539,62782.0,100041.0,0.0,9977.0
94.1,0.1427605011612177,0.4078877314814815,0.070287777819143,0.7569409642177007,0.1286311647831308,62931.0,99892.0,2425.0,7552.0,0.4219212962962963,0.0908081442445093,1.0,0.1664970044890943,62931.0,99892.0,0.0,9977.0
94.2,0.145217339873315,0.408443287037037,0.0701744576157459,0.7547358925528717,0.1284095463033228,63049.0,99774.0,2447.0,7530.0,0.4226041666666666,0.090905777623894,1.0,0.1666610984899104,63049.0,99774.0,0.0,9977.0
94.3,0.1478881981223824,0.4089293981481481,0.0700610199854447,0.752631051418262,0.1281891511245785,63154.0,99669.0,2468.0,7509.0,0.4232118055555555,0.0909928314758404,1.0,0.1668073865393778,63154.0,99669.0,0.0,9977.0
94.4,0.1507397272586822,0.4094212962962963,0.069947968725187,0.7505262102836524,0.1279693748504631,63260.0,99563.0,2489.0,7488.0,0.4238252314814815,0.0910808836954537,1.0,0.1669553285306692,63260.0,99563.0,0.0,9977.0
94.5,0.1537243840843439,0.4099768518518518,0.0698659733068958,0.7487220607397013,0.1278059129482616,63374.0,99449.0,2507.0,7470.0,0.4244849537037037,0.0911757717544276,1.0,0.1671147291106588,63374.0,99449.0,0.0,9977.0
94.6,0.1566652080714702,0.4104918981481481,0.0697711439059105,0.7468176806655307,0.1276194880490541,63482.0,99341.0,2526.0,7451.0,0.4251099537037037,0.091265848259207,1.0,0.1672660212079299,63482.0,99341.0,0.0,9977.0
94.7,0.1594295887947084,0.4108506944444444,0.0695697009468454,0.7438107647589456,0.1272385916483064,63574.0,99249.0,2556.0,7421.0,0.4256423611111111,0.0913427205976599,1.0,0.1673951158947342,63574.0,99249.0,0.0,9977.0
94.8,0.1624965391159057,0.4116956018518518,0.0693901705869091,0.7404029267314824,0.1268884251028488,63754.0,99069.0,2590.0,7387.0,0.4266840277777777,0.0914934981567412,1.0,0.1676482696621661,63754.0,99069.0,0.0,9977.0
94.9,0.165733430325985,0.4127951388888889,0.0692710393009811,0.7373960108248973,0.1266450341271958,63974.0,98849.0,2620.0,7357.0,0.4279571759259259,0.0916784591917372,1.0,0.1679587215811048,63974.0,98849.0,0.0,9977.0
95.0,0.1690919302403927,0.4133969907407407,0.0690627534564385,0.7339881727974341,0.1262466490246614,64112.0,98711.0,2654.0,7323.0,0.428755787037037,0.09179486235831,1.0,0.1681540471074032,64112.0,98711.0,0.0,9977.0
95.1,0.1725426461249591,0.4135763888888888,0.0683173463119595,0.7245665029568007,0.1248618211966284,64237.0,98586.0,2748.0,7229.0,0.4294791666666667,0.0919005554378563,1.0,0.1683313649401046,64237.0,98586.0,0.0,9977.0
95.2,0.1760326292514801,0.413287037037037,0.0668776831152093,0.7073268517590459,0.1222012502380993,64359.0,98464.0,2920.0,7057.0,0.4301851851851851,0.0920039468466723,1.0,0.1685047881234271,64359.0,98464.0,0.0,9977.0
95.3,0.1795370764434338,0.4136284722222222,0.0662735266746434,0.6995088704019244,0.1210759608962293,64496.0,98327.0,2998.0,6979.0,0.4309780092592593,0.0921203279657261,1.0,0.1686999602641168,64496.0,98327.0,0.0,9977.0
95.4,0.1832770614922051,0.4139814814814815,0.0659572647134339,0.6951989576024857,0.1204836020011117,64600.0,98223.0,3041.0,6936.0,0.4315798611111111,0.0922088724584103,1.0,0.1688484222818315,64600.0,98223.0,0.0,9977.0
95.5,0.1873342098295689,0.4144039351851852,0.0657634154701603,0.6922922722261201,0.1201165166731881,64702.0,98121.0,3070.0,6907.0,0.4321701388888889,0.0922958796647486,1.0,0.1689942832945162,64702.0,98121.0,0.0,9977.0
95.6,0.1916679645776754,0.4148900462962963,0.0655676747645017,0.6892853563195349,0.1197447349404932,64816.0,98007.0,3100.0,6877.0,0.4328298611111111,0.0923933175285227,1.0,0.1691576029365637,64816.0,98007.0,0.0,9977.0
95.7,0.1961338096261027,0.4151331018518518,0.0652788118282649,0.6854765961711937,0.1192055288775786,64896.0,97927.0,3138.0,6839.0,0.4332928240740741,0.0924618179122182,1.0,0.1692724018289631,64896.0,97927.0,0.0,9977.0
95.8,0.2008103080093874,0.4154976851851852,0.0651021012699353,0.6828706023854866,0.1188714799176466,64985.0,97838.0,3164.0,6813.0,0.4338078703703704,0.0925381440430366,1.0,0.1694002988318391,64985.0,97838.0,0.0,9977.0
95.9,0.2055320001840591,0.4158333333333333,0.0648552977756517,0.6794627643580234,0.1184084120801383,65077.0,97746.0,3198.0,6779.0,0.4343402777777778,0.0926171755335443,1.0,0.1695327102803738,65077.0,97746.0,0.0,9977.0
96.0,0.2103801077604297,0.41640625,0.0647417228694052,0.6773579232234138,0.1181871442187458,65197.0,97626.0,3219.0,6758.0,0.4350347222222222,0.0927204631841119,1.0,0.1697057322673924,65197.0,97626.0,0.0,9977.0
96.1,0.2154630660563714,0.4261053240740741,0.0656205559776362,0.6752530820888043,0.1196168425911951,66894.0,95929.0,3240.0,6737.0,0.4448553240740741,0.0942061828413876,1.0,0.1721909167004651,66894.0,95929.0,0.0,9977.0
96.2,0.2208505334854128,0.4271122685185185,0.0655369658161372,0.6729477798937556,0.119441751243073,67091.0,95732.0,3263.0,6714.0,0.4459953703703703,0.0943817461143327,1.0,0.1724841380979548,67091.0,95732.0,0.0,9977.0
96.3,0.2265233408212661,0.42921875,0.0656430055265942,0.6714443219404631,0.1195940336877058,67470.0,95353.0,3278.0,6699.0,0.4481886574074074,0.0947213519415171,1.0,0.1730510723546705,67470.0,95353.0,0.0,9977.0
96.4,0.2322741995453849,0.42984375,0.0656869862073024,0.6711436303498045,0.1196622436670687,67581.0,95242.0,3281.0,6696.0,0.4488310185185185,0.0948212775259221,1.0,0.1732178200631966,67581.0,95242.0,0.0,9977.0
96.5,0.2383301650732756,0.4305613425925926,0.065656069477738,0.669840633456951,0.1195902116047063,67718.0,95105.0,3294.0,6683.0,0.4496238425925926,0.094944900173198,1.0,0.1734240693904866,67718.0,95105.0,0.0,9977.0
96.6,0.2454229590594768,0.4320659722222222,0.0657472170229534,0.6689385586849754,0.1197269636818642,67987.0,94836.0,3303.0,6674.0,0.4511805555555555,0.0951885739364391,1.0,0.1738304730377211,67987.0,94836.0,0.0,9977.0
96.7,0.252972774147988,0.4327199074074074,0.0657091278570794,0.6676355617921219,0.1196429212918058,68113.0,94710.0,3316.0,6661.0,0.4519097222222222,0.0953031417463486,1.0,0.1740214888718342,68113.0,94710.0,0.0,9977.0
96.8,0.2609185323715226,0.4333680555555556,0.0657046058415069,0.6667334870201463,0.119620924670467,68234.0,94589.0,3325.0,6652.0,0.4526099537037037,0.0954134231011992,1.0,0.174205320272736,68234.0,94589.0,0.0,9977.0
96.9,0.2688038166165356,0.4339872685185185,0.0657054134773235,0.6659316427783903,0.1196093433547864,68349.0,94474.0,3333.0,6644.0,0.4532754629629629,0.0955184727767086,1.0,0.1743803964064739,68349.0,94474.0,0.0,9977.0
97.0,0.276996396780015,0.4346354166666666,0.0656234525106467,0.6641274932344392,0.1194444194074648,68479.0,94344.0,3351.0,6626.0,0.4540277777777777,0.0956375034748516,1.0,0.1745787327862255,68479.0,94344.0,0.0,9977.0
97.1,0.2861730661392275,0.4353356481481481,0.0654522725243325,0.6612208078580736,0.1191138234869276,68629.0,94194.0,3380.0,6597.0,0.4548958333333333,0.0957752157510247,1.0,0.174808143813295,68629.0,94194.0,0.0,9977.0
97.2,0.2953407864570641,0.435787037037037,0.0653044195217896,0.6589155056630249,0.1188315679114999,68730.0,94093.0,3403.0,6574.0,0.455480324074074,0.0958681656577303,1.0,0.1749629538698957,68730.0,94093.0,0.0,9977.0
97.3,0.3051371866762645,0.4362442129629629,0.0651222471999522,0.6562092813470983,0.1184859425758521,68836.0,93987.0,3430.0,6547.0,0.45609375,0.0959659112769805,1.0,0.1751257229618838,68836.0,93987.0,0.0,9977.0
97.4,0.3160311220288279,0.437181712962963,0.0649326048811612,0.6528014433196352,0.1181164479828801,69032.0,93791.0,3464.0,6513.0,0.4572280092592592,0.0961471744661167,1.0,0.1754274913182997,69032.0,93791.0,0.0,9977.0
97.5,0.3272160410881054,0.4389525462962963,0.064844093983909,0.6494938358223915,0.1179157302859638,69371.0,93452.0,3497.0,6480.0,0.4591898148148148,0.0964623074766264,1.0,0.1759518896707405,69371.0,93452.0,0.0,9977.0
97.6,0.3397980508804333,0.4399363425925925,0.0647102481295007,0.6466873809762453,0.1176481314333123,69569.0,93254.0,3525.0,6452.0,0.4603356481481481,0.0966473249314643,1.0,0.1762596282948201,69569.0,93254.0,0.0,9977.0
97.7,0.3529237889945518,0.4408101851851851,0.0643708209743099,0.6416758544652701,0.1170041669712698,69770.0,93053.0,3575.0,6402.0,0.4614988425925926,0.0968358730466854,1.0,0.1765731326378012,69770.0,93053.0,0.0,9977.0
97.8,0.3667503041028978,0.4413020833333333,0.0641627227872319,0.638668938558685,0.116610392818908,69885.0,92938.0,3605.0,6372.0,0.4621643518518518,0.0969440800660739,1.0,0.1767530028699996,69885.0,92938.0,0.0,9977.0
97.9,0.3811052097678192,0.4416724537037037,0.0637645492506001,0.6336574120477098,0.1158692484627438,69999.0,92824.0,3655.0,6322.0,0.462824074074074,0.0970515851013122,1.0,0.1769316710705988,69999.0,92824.0,0.0,9977.0
98.0,0.3961983668804178,0.4420601851851852,0.0631462968391472,0.6261401222812468,0.1147227884597726,70141.0,92682.0,3730.0,6247.0,0.4636458333333333,0.0971858288118917,1.0,0.1771547285059838,70141.0,92682.0,0.0,9977.0
98.1,0.4128143249750157,0.4425694444444444,0.0627424369790453,0.6209281347098327,0.113968762072962,70281.0,92542.0,3782.0,6195.0,0.4644560185185185,0.0973185458305289,1.0,0.1773751955625088,70281.0,92542.0,0.0,9977.0
98.2,0.4328059006929448,0.4429398148148148,0.0621530279810415,0.6138117670642478,0.1128764699377004,70416.0,92407.0,3853.0,6124.0,0.4652372685185185,0.0974468666979215,1.0,0.1775883091108124,70416.0,92407.0,0.0,9977.0
98.3,0.4559103202223806,0.4432291666666667,0.061748472805261,0.608900471083492,0.112126245847176,70515.0,92308.0,3902.0,6075.0,0.4658101851851852,0.0975411839468152,1.0,0.1777449181379273,70515.0,92308.0,0.0,9977.0
98.4,0.4801369502544416,0.4433969907407407,0.0611777402211317,0.6022852560890047,0.1110731152783297,70610.0,92213.0,3968.0,6009.0,0.4663599537037037,0.0976318622174381,1.0,0.1778954594488575,70610.0,92213.0,0.0,9977.0
98.5,0.5046394535899181,0.4438136574074074,0.0611600228254666,0.6015836423774682,0.1110319758030949,70689.0,92134.0,3975.0,6002.0,0.4668171296296296,0.0977073968524449,1.0,0.178020840767968,70689.0,92134.0,0.0,9977.0
98.6,0.5292520601749422,0.444212962962963,0.0610777343710156,0.6001804149543951,0.1108724633387646,70772.0,92051.0,3989.0,5988.0,0.4672974537037037,0.0977868820323832,1.0,0.1781527610374536,70772.0,92051.0,0.0,9977.0
98.7,0.5593984404802544,0.4445775462962963,0.0607673292610676,0.5962714242758345,0.1102943221320973,70874.0,91949.0,4028.0,5949.0,0.4678877314814815,0.097884739909346,1.0,0.1783151479406271,70874.0,91949.0,0.0,9977.0
98.8,0.5953554503917701,0.4448611111111111,0.0602584698503003,0.5902575924626642,0.109353239373851,70983.0,91840.0,4088.0,5889.0,0.4685185185185185,0.0979895302356188,1.0,0.1784890065656475,70983.0,91840.0,0.0,9977.0
98.9,0.6331457711458216,0.4452777777777778,0.0599784802992263,0.5866492933747619,0.1088302560383778,71091.0,91732.0,4124.0,5853.0,0.4691435185185185,0.0980935807057389,1.0,0.1786616048564726,71091.0,91732.0,0.0,9977.0
99.0,0.6765824258327489,0.4458217592592592,0.0599911777679753,0.5861481407236644,0.1088425245212082,71190.0,91633.0,4129.0,5848.0,0.4697164351851852,0.0981891546107666,1.0,0.1788201134540762,71190.0,91633.0,0.0,9977.0
99.1,0.7257288274765019,0.4462615740740741,0.0599205167438564,0.5848451438308109,0.1087037520026826,71279.0,91544.0,4142.0,5835.0,0.4702314814814815,0.0982752336954915,1.0,0.1789628513515937,71279.0,91544.0,0.0,9977.0
99.2,0.7871571326255878,0.4469675925925926,0.0599413851611908,0.5842437606494938,0.1087276864822517,71407.0,91416.0,4148.0,5829.0,0.4709722222222222,0.0983992977818981,1.0,0.1791685373080722,71407.0,91416.0,0.0,9977.0
99.3,0.8593859565854137,0.4474305555555555,0.0599454479954711,0.5837426079983963,0.1087256842026658,71492.0,91331.0,4153.0,5824.0,0.4714641203703704,0.0984818573064318,1.0,0.1793053870692366,71492.0,91331.0,0.0,9977.0
99.4,0.9530301165580758,0.4479976851851852,0.0598517877204374,0.5820386889846647,0.1085420560747663,71607.0,91216.0,4170.0,5807.0,0.4721296296296296,0.0985937762493453,1.0,0.1794908698389853,71607.0,91216.0,0.0,9977.0
99.5,1.0686736303568003,0.4475636574074074,0.0583226553135204,0.5657011125588854,0.1057433793290803,71695.0,91128.0,4333.0,5644.0,0.4726388888888889,0.098679590524702,1.0,0.179633063862732,71695.0,91128.0,0.0,9977.0
99.6,1.2272769327163782,0.4471354166666667,0.0567402341726245,0.5488623834820087,0.102848234995821,71789.0,91034.0,4501.0,5476.0,0.4731828703703704,0.0987714209343536,1.0,0.1797852020038202,71789.0,91034.0,0.0,9977.0
99.7,1.460514584779758,0.4464699074074074,0.0547372797671638,0.5278139721359126,0.0991881863215987,71884.0,90939.0,4711.0,5266.0,0.4737326388888889,0.0988644020769749,1.0,0.1799392206902149,71884.0,90939.0,0.0,9977.0
99.8,1.870091418981564,0.4466608796296296,0.051585473128639,0.4937355918612809,0.0934113341360968,72257.0,90566.0,5051.0,4926.0,0.4637847222222222,0.0800906034474002,0.7903177307807958,0.145442136717453,72257.0,90566.0,2092.0,7885.0
99.9,2.791328614711829,0.4440567129629629,0.0457471506964964,0.4344993485015536,0.0827787696802467,72398.0,90425.0,5642.0,4335.0,0.4646006944444444,0.0802054724849964,0.7903177307807958,0.1456315162484878,72398.0,90425.0,2092.0,7885.0
100.0,306.1107482910156,0.4423206018518518,0.0416295258712169,0.3932043700511176,0.07528811184785,72510.0,90313.0,6054.0,3923.0,0.4423206018518518,0.0416295258712169,0.3932043700511176,0.07528811184785,72510.0,90313.0,6054.0,3923.0
Qbest,0.136281818151474,0.4044965277777778,0.0703916709815814,0.7630550265610905,0.1288929898670097,62284.0,100539.0,2364.0,7613.0,0.4181770833333333,0.0902765210467262,1.0,0.1656029810860382,62284.0,100539.0,0.0,9977.0
