,tau,Accuracy,Precision,Recall,F1,ROC_AUC,tn,fp,fn,tp,Accuracy_PA,Precision_PA,Recall_PA,F1_PA,tn_PA,fp_PA,fn_PA,tp_PA
Q90.000,0.0729708671569824,0.3079576164765658,0.0677907288528572,0.8615816377668638,0.125691809415188,,44620,118206,1381,8596,0.315949375878891,0.077834034154295,1.0,0.1444267515923566,44620,118206,0,9977
Q91.000,0.0803600944578648,0.3269271945510205,0.0694293720338845,0.8592763355718152,0.1284777640403132,,47921,114905,1404,8573,0.3350520534944416,0.0798914174981182,1.0,0.1479619454393106,47921,114905,0,9977
Q92.000,0.0902358442544937,0.3474823932454876,0.0711567668608241,0.854665731181718,0.1313756153176541,,51519,111307,1450,8527,0.3558734512711006,0.0822614689489133,1.0,0.1520177356564402,51519,111307,0,9977
Q93.000,0.103907322883606,0.365954294774975,0.0721576849051416,0.8417359927834018,0.1329207587784205,,54840,107986,1579,8398,0.375091867618039,0.0845773674796334,1.0,0.1559637329998436,54840,107986,0,9977
Q94.000,0.1240290224552154,0.3832398743077377,0.0727320978371445,0.8240954194647689,0.1336671489652257,,58003,104823,1755,8222,0.3933959479870141,0.0869076655052264,1.0,0.1599172924497303,58003,104823,0,9977
Q95.000,0.1536735966801643,0.4022962564307332,0.072695132897364,0.7955297183522101,0.1332169622101562,,61581,101245,2040,7937,0.4141016070322853,0.0897034759310208,1.0,0.1646383220983671,61581,101245,0,9977
Q96.000,0.1969951599836349,0.4212542606320492,0.0674865488086087,0.7040192442618022,0.1231664869319726,,65770,97056,2953,7024,0.4383430843214527,0.0932142423364756,1.0,0.1705324331253739,65770,97056,0,9977
Q97.000,0.2583243042230607,0.4316823203300868,0.0654293989006442,0.6657311817179513,0.1191486308311881,,67954,94872,3335,6642,0.4509817537889967,0.0951558908525593,1.0,0.1737759740825248,67954,94872,0,9977
Q98.000,0.3750189244747173,0.4380768852392609,0.0648319264771989,0.6504961411245865,0.1179121018876837,,69211,93615,3487,6490,0.4582559330567177,0.0963105259093366,1.0,0.1756993545773934,69211,93615,0,9977
Q99.000,0.6537597477436075,0.4452874082047187,0.0609862078131869,0.5978751127593465,0.1106822778468446,,70982,91844,4012,5965,0.4685045977211043,0.0979856807534791,1.0,0.1784826204404372,70982,91844,0,9977
Q99.100,0.7029751884937283,0.4459644797833371,0.0608614615762739,0.5956700410945174,0.1104390243902439,,71121,91705,4034,5943,0.4693089819042493,0.0981196278594048,1.0,0.178704806598662,71121,91705,0,9977
Q99.200,0.7672764587402343,0.4462248919289596,0.0603760424252992,0.5899569008720056,0.1095416224666406,,71223,91603,4091,5886,0.4698992494343269,0.0982181531797597,1.0,0.1788682019057522,71223,91603,0,9977
Q99.300,0.8363179117441185,0.4465258126305677,0.059947603636924,0.5848451438308109,0.1087483226479797,,71326,91500,4142,5835,0.4704953039009739,0.0983178454231008,1.0,0.1790335026109426,71326,91500,0,9977
Q99.400,0.9279615771770436,0.4467283554104963,0.059316974762238,0.5776285456550065,0.107585897902607,,71433,91393,4214,5763,0.4711145061138985,0.0984216237545625,1.0,0.1792055466245161,71433,91393,0,9977
Q99.500,1.0516530752182076,0.4467052076642188,0.0582688538120293,0.5661020346797635,0.1056619304629257,,71544,91282,4329,5648,0.4717568560731006,0.098529513425967,1.0,0.1793843719659103,71544,91282,0,9977
Q99.600,1.2076574707031245,0.4463232698506392,0.0568494425714108,0.5509672246166182,0.103064563002128,,71629,91197,4480,5497,0.4722487456814986,0.0986122916954948,1.0,0.1795215517629171,71629,91197,0,9977
Q99.700,1.446813035011298,0.4461959572461126,0.0555405769749258,0.536834719855668,0.1006662845006625,,71748,91078,4621,5356,0.464251199342604,0.0851397231653173,0.8495539741405232,0.1547689695154796,71748,91078,1501,8476
Q99.800,1.886606822013848,0.4461670225632657,0.0535749622454824,0.515585847449133,0.0970639293531587,,71955,90871,4833,5144,0.4654490952124673,0.0853171207988162,0.8495539741405232,0.1550620174892978,71955,90871,1501,8476
Q99.900,2.7529450345040143,0.4472086711457556,0.0515135310832206,0.4924325949684274,0.0932700522069292,,72366,90460,5064,4913,0.4644074466299775,0.0801769281610656,0.7903177307807958,0.1455844611436273,72366,90460,2092,7885
Q100.000,264.7657775878906,0.4423129228080531,0.0416282006388013,0.3932043700511176,0.0752859445766485,,72510,90316,6054,3923,0.4423129228080531,0.0416282006388013,0.3932043700511176,0.0752859445766485,72510,90316,6054,3923
Q_off_f1_best,0.140673279762268,0.394229266853006,0.0732067852829304,0.8140723664428184,0.1343334187871621,0.4993392803398684,60002,102824,1855,8122,0.4049640341892213,0.0884477974486041,1.0,0.1625209728127188,60002,102824,0,9977
