,tau,Accuracy,Precision,Recall,F1,tn,fp,fn,tp,Accuracy_PA,Precision_PA,Recall_PA,F1_PA,tn_PA,fp_PA,fn_PA,tp_PA
90.0,0.0893639504909515,0.3057523148148148,0.0671121921269511,0.8545655006514985,0.1244508020843976,44308.0,118515.0,1451.0,8526.0,0.3141493055555555,0.0776468573918998,1.0,0.1441044565931725,44308.0,118515.0,0.0,9977.0
91.0,0.097084728255868,0.322037037037037,0.0681248539260644,0.8472486719454746,0.1261095943546823,47195.0,115628.0,1524.0,8453.0,0.3308564814814815,0.0794315512917479,1.0,0.1471729285598383,47195.0,115628.0,0.0,9977.0
92.0,0.1069150891900062,0.3379456018518518,0.0691001221404284,0.8392302295279142,0.127686829484022,50024.0,112799.0,1604.0,8373.0,0.3472280092592593,0.0812618101257574,1.0,0.1503092208838971,50024.0,112799.0,0.0,9977.0
93.0,0.1204917508363723,0.3531539351851852,0.0699717814839222,0.8301092512779392,0.129064430921232,52743.0,110080.0,1695.0,8282.0,0.362962962962963,0.0831021931249323,1.0,0.1534521740467877,52743.0,110080.0,0.0,9977.0
93.1,0.1222838981524109,0.3548784722222222,0.0700537115166302,0.8288062543850857,0.129187985782916,53054.0,109769.0,1708.0,8269.0,0.3647627314814815,0.0833180231489987,1.0,0.1538200627490884,53054.0,109769.0,0.0,9977.0
93.2,0.1240669772922992,0.3565798611111111,0.0701556182256804,0.8278039490828907,0.1293490262409848,53358.0,109465.0,1718.0,8259.0,0.3665219907407407,0.0835300815458549,1.0,0.1541813798592169,53358.0,109465.0,0.0,9977.0
93.3,0.1258674190044403,0.3584317129629629,0.0702809534356737,0.8269018743109151,0.1295509684916341,53687.0,109136.0,1727.0,8250.0,0.3684259259259259,0.0837607985694256,1.0,0.1545743279882252,53687.0,109136.0,0.0,9977.0
93.4,0.1277574578225613,0.3601909722222222,0.0703753694749611,0.825699107948281,0.1296965403235329,54003.0,108820.0,1739.0,8238.0,0.3702546296296296,0.0839836022795188,1.0,0.1549536397098793,54003.0,108820.0,0.0,9977.0
93.5,0.1297001461684704,0.362193287037037,0.0704735948989561,0.8241956499949885,0.1298447011266471,54364.0,108459.0,1754.0,8223.0,0.37234375,0.0842395893140599,1.0,0.1553892518670228,54364.0,108459.0,0.0,9977.0
93.6,0.1316719019412996,0.3640046296296296,0.0705155206354391,0.8221910393905983,0.1298908998780738,54697.0,108126.0,1774.0,8203.0,0.3742708333333333,0.0844771089642092,1.0,0.1557932542161149,54697.0,108126.0,0.0,9977.0
93.7,0.1337167635411026,0.3661805555555555,0.0706182765551807,0.8204871203768668,0.1300438457139226,55090.0,107733.0,1791.0,8186.0,0.3765451388888889,0.0847591538526888,1.0,0.1562727607352353,55090.0,107733.0,0.0,9977.0
93.8,0.1358669357001781,0.368275462962963,0.070676027806394,0.8182820487120377,0.130113953303052,55474.0,107349.0,1813.0,8164.0,0.3787673611111111,0.085036564785299,1.0,0.1567441458567355,55474.0,107349.0,0.0,9977.0
93.9,0.1379939589202404,0.3702951388888889,0.0706889062635739,0.8155758243961111,0.1301014493912237,55850.0,106973.0,1840.0,8137.0,0.380943287037037,0.0853099615220179,1.0,0.1572084741623138,55850.0,106973.0,0.0,9977.0
94.0,0.1402727106213572,0.3724884259259259,0.0706604686859525,0.8120677558384284,0.1300085046294067,56264.0,106559.0,1875.0,8102.0,0.3833391203703704,0.085613029450127,1.0,0.1577229217550765,56264.0,106559.0,0.0,9977.0
94.1,0.1427605011612177,0.3746238425925925,0.0705353859086849,0.8073569209181116,0.1297362593114556,56680.0,106143.0,1922.0,8055.0,0.3857465277777778,0.0859197382018601,1.0,0.1582432571750319,56680.0,106143.0,0.0,9977.0
94.2,0.145217339873315,0.3767592592592592,0.0704772621381414,0.8035481607697704,0.1295886203830922,57087.0,105736.0,1960.0,8017.0,0.3881018518518518,0.0862219456759396,1.0,0.1587556687087278,57087.0,105736.0,0.0,9977.0
94.3,0.1478881981223824,0.3790972222222222,0.0704783595067221,0.8002405532725269,0.1295472983936394,57524.0,105299.0,1993.0,7984.0,0.390630787037037,0.086548804608071,1.0,0.1593095574557096,57524.0,105299.0,0.0,9977.0
94.4,0.1507397272586822,0.3816608796296296,0.0704962224665697,0.7968327152450636,0.1295326234836943,58001.0,104822.0,2027.0,7950.0,0.3933912037037037,0.0869084225472347,1.0,0.1599185740847598,58001.0,104822.0,0.0,9977.0
94.5,0.1537243840843439,0.3843402777777778,0.0705421176889839,0.7936253382780395,0.1295675083045605,58496.0,104327.0,2059.0,7918.0,0.396255787037037,0.0872847844344904,1.0,0.1605555153241444,58496.0,104327.0,0.0,9977.0
94.6,0.1566652080714702,0.3867881944444444,0.0705708661417322,0.7905181918412348,0.129574410409325,58950.0,103873.0,2090.0,7887.0,0.3988831018518518,0.0876328502415458,1.0,0.1611441769565603,58950.0,103873.0,0.0,9977.0
94.7,0.1594295887947084,0.3890104166666667,0.0706291319344639,0.7881126591159667,0.1296401632249288,59358.0,103465.0,2114.0,7863.0,0.401244212962963,0.0879480263041906,1.0,0.1616768892958134,59358.0,103465.0,0.0,9977.0
94.8,0.1624965391159057,0.3914236111111111,0.0705771954993729,0.784003207376967,0.1294968792940748,59816.0,103007.0,2155.0,7822.0,0.4038946759259259,0.0883045386957445,1.0,0.1622790966241328,59816.0,103007.0,0.0,9977.0
94.9,0.165733430325985,0.3936921296296296,0.070477674970774,0.7794928335170893,0.1292676440277916,60253.0,102570.0,2200.0,7777.0,0.4064236111111111,0.0886474095266866,1.0,0.1628578890666318,60253.0,102570.0,0.0,9977.0
95.0,0.1690919302403927,0.3959085648148148,0.0704106148301845,0.7754836123083091,0.1290995403008485,60676.0,102147.0,2240.0,7737.0,0.4088715277777778,0.0889818415325889,1.0,0.1634220849952088,60676.0,102147.0,0.0,9977.0
95.1,0.1725426461249591,0.3980439814814814,0.0702161692792834,0.7699709331462363,0.1286961183427987,61100.0,101723.0,2295.0,7682.0,0.4113252314814815,0.089319606087735,1.0,0.1639915514024836,61100.0,101723.0,0.0,9977.0
95.2,0.1760326292514801,0.3997164351851852,0.0700790579085422,0.7658614814072366,0.1284082983925855,61430.0,101393.0,2336.0,7641.0,0.4132349537037037,0.0895842686540361,1.0,0.1644375221472306,61430.0,101393.0,0.0,9977.0
95.3,0.1795370764434338,0.4014004629629629,0.0699343818735677,0.7616517991380174,0.1281061397889342,61763.0,101060.0,2378.0,7599.0,0.415162037037037,0.089852931905581,1.0,0.1648900127258003,61763.0,101060.0,0.0,9977.0
95.4,0.1832770614922051,0.4029108796296296,0.0696660756501182,0.7561391199759446,0.1275778970955058,62079.0,100744.0,2433.0,7544.0,0.4169907407407407,0.0901093740121566,1.0,0.1653217120416245,62079.0,100744.0,0.0,9977.0
95.5,0.1873342098295689,0.4044270833333333,0.0694045478974777,0.7507266713440914,0.1270622163789813,62395.0,100428.0,2487.0,7490.0,0.4188194444444444,0.0903672840903944,1.0,0.1657556777591334,62395.0,100428.0,0.0,9977.0
95.6,0.1916679645776754,0.4056192129629629,0.0687365131334176,0.7407036183221409,0.1257990109712398,62701.0,100122.0,2587.0,7390.0,0.4205902777777778,0.0906184434009391,1.0,0.1661780872114327,62701.0,100122.0,0.0,9977.0
95.7,0.1961338096261027,0.4067881944444444,0.0681173219820021,0.731382179011727,0.1246274583479218,62996.0,99827.0,2680.0,7297.0,0.4222974537037037,0.0908618993843575,1.0,0.1665873552566767,62996.0,99827.0,0.0,9977.0
95.8,0.2008103080093874,0.4077141203703703,0.0675723755664581,0.7233637365941665,0.1235988731043577,63236.0,99587.0,2760.0,7217.0,0.4236863425925926,0.0910609324230586,1.0,0.1669218092537288,63236.0,99587.0,0.0,9977.0
95.9,0.2055320001840591,0.408605324074074,0.0670203775002347,0.7153452941766062,0.1225583212412099,63470.0,99353.0,2840.0,7137.0,0.4250405092592592,0.0912558309704564,1.0,0.167249197448599,63470.0,99353.0,0.0,9977.0
96.0,0.2103801077604297,0.4092939814814815,0.0665901154856137,0.7091310013029969,0.1217476596916299,63651.0,99172.0,2902.0,7075.0,0.426087962962963,0.0914071590211545,1.0,0.1675033158168661,63651.0,99172.0,0.0,9977.0
96.1,0.2154630660563714,0.4100173611111111,0.0660224227095994,0.701212789415656,0.1206820710533806,63855.0,98968.0,2981.0,6996.0,0.4272685185185185,0.0915783193354445,1.0,0.1677906526967256,63855.0,98968.0,0.0,9977.0
96.2,0.2208505334854128,0.4106712962962963,0.0655511308279495,0.6945975744211687,0.1197967086156824,64034.0,98789.0,3047.0,6930.0,0.4283043981481481,0.0917290329698619,1.0,0.1680435899379331,64034.0,98789.0,0.0,9977.0
96.3,0.2265233408212661,0.4115277777777777,0.065288903635588,0.6902876616217299,0.1192946597148845,64225.0,98598.0,3090.0,6887.0,0.4294097222222222,0.0918903983421598,1.0,0.1683143262028477,64225.0,98598.0,0.0,9977.0
96.4,0.2322741995453849,0.4124421296296296,0.0649242028227914,0.6846747519294377,0.118601986249045,64439.0,98384.0,3146.0,6831.0,0.4306481481481481,0.0920718708760531,1.0,0.1686187023610336,64439.0,98384.0,0.0,9977.0
96.5,0.2383301650732756,0.4135416666666666,0.0647681475623815,0.681367144432194,0.1182919189809981,64662.0,98161.0,3179.0,6798.0,0.4319386574074074,0.0922617396289925,1.0,0.1689370528722008,64662.0,98161.0,0.0,9977.0
96.6,0.2454229590594768,0.4145601851851851,0.0646110065986115,0.6781597674651699,0.117981446606682,64870.0,97953.0,3211.0,6766.0,0.4331423611111111,0.0924395441489854,1.0,0.1692350751015631,64870.0,97953.0,0.0,9977.0
96.7,0.252972774147988,0.4153877314814815,0.0643911121318252,0.6744512378470482,0.1175586788843368,65050.0,97773.0,3248.0,6729.0,0.4341840277777777,0.0925939675174014,1.0,0.1694938289432331,65050.0,97773.0,0.0,9977.0
96.8,0.2609185323715226,0.4162210648148148,0.0643463757836014,0.6728475493635361,0.1174597342151999,65210.0,97613.0,3264.0,6713.0,0.4351099537037037,0.0927316665117576,1.0,0.1697244975205627,65210.0,97613.0,0.0,9977.0
96.9,0.2688038166165356,0.4172280092592592,0.0643283840110639,0.6713440914102435,0.1174068133813617,65399.0,97424.0,3279.0,6698.0,0.4362037037037037,0.0928948520032402,1.0,0.1699977849341443,65399.0,97424.0,0.0,9977.0
97.0,0.276996396780015,0.4184953703703704,0.0643214048464893,0.669640172396512,0.1173690775257804,65635.0,97188.0,3296.0,6681.0,0.4375694444444444,0.0930994261186021,1.0,0.1703402707824691,65635.0,97188.0,0.0,9977.0
97.1,0.2861730661392275,0.4204166666666666,0.0644435213539805,0.6686378670943169,0.1175568752533173,65977.0,96846.0,3306.0,6671.0,0.4395486111111111,0.0933974893047377,1.0,0.1708390410958904,65977.0,96846.0,0.0,9977.0
97.2,0.2953407864570641,0.4225925925925926,0.0645686854482859,0.6673348702014633,0.117744844905033,66366.0,96457.0,3319.0,6658.0,0.4417997685185185,0.0937388428509686,1.0,0.1714099183066892,66366.0,96457.0,0.0,9977.0
97.3,0.3051371866762645,0.4246875,0.0647368574737928,0.6666332564899269,0.1180134142446502,66735.0,96088.0,3326.0,6651.0,0.4439351851851852,0.0940649601659359,1.0,0.1719549818169283,66735.0,96088.0,0.0,9977.0
97.4,0.3160311220288279,0.4268576388888889,0.0648890017978582,0.6656309511877317,0.1182503717025311,67120.0,95703.0,3336.0,6641.0,0.4461631944444444,0.0944076457229371,1.0,0.1725273870150531,67120.0,95703.0,0.0,9977.0
97.5,0.3272160410881054,0.4289988425925926,0.0650903242257222,0.6652300290668538,0.1185782049793198,67494.0,95329.0,3340.0,6637.0,0.4483275462962963,0.0947429396235732,1.0,0.1730870987049261,67494.0,95329.0,0.0,9977.0
97.6,0.3397980508804333,0.4309837962962963,0.0652672394280259,0.6647288764157563,0.1188636974639304,67842.0,94981.0,3345.0,6632.0,0.4503414351851852,0.0950570704472265,1.0,0.1736111715317353,67842.0,94981.0,0.0,9977.0
97.7,0.3529237889945518,0.4325578703703703,0.0653652181636943,0.6638268016437807,0.1190116801437556,68123.0,94700.0,3354.0,6623.0,0.4519675925925926,0.0953122462432052,1.0,0.1740366668411045,68123.0,94700.0,0.0,9977.0
97.8,0.3667503041028978,0.4340219907407407,0.065434249069749,0.6627242658113661,0.119108308939428,68387.0,94436.0,3365.0,6612.0,0.4534953703703703,0.0955532357081972,1.0,0.1744383250284115,68387.0,94436.0,0.0,9977.0
97.9,0.3811052097678192,0.4352199074074074,0.0653703060667691,0.6604189636163176,0.1189650814285198,68617.0,94206.0,3388.0,6589.0,0.4548263888888889,0.0957641841759212,1.0,0.1747897687456202,68617.0,94206.0,0.0,9977.0
98.0,0.3961983668804178,0.4364756944444444,0.0651827824321904,0.6566102034679764,0.1185926737207976,68872.0,93951.0,3426.0,6551.0,0.4563020833333333,0.0959991532599491,1.0,0.1751810719459198,68872.0,93951.0,0.0,9977.0
98.1,0.4128143249750157,0.4376273148148148,0.0649998503457014,0.6530019043800742,0.118230981416957,69107.0,93716.0,3462.0,6515.0,0.457662037037037,0.0962167166539689,1.0,0.1755432392011964,69107.0,93716.0,0.0,9977.0
98.2,0.4328059006929448,0.4383043981481481,0.0645887082258354,0.6473889946877819,0.117458787586721,69280.0,93543.0,3518.0,6459.0,0.4586631944444444,0.0963775115919629,1.0,0.175810814382759,69280.0,93543.0,0.0,9977.0
98.3,0.4559103202223806,0.4387731481481481,0.063750413670688,0.6371654806053924,0.115904242711543,69463.0,93360.0,3620.0,6357.0,0.4597222222222222,0.0965481869998161,1.0,0.176094745574245,69463.0,93360.0,0.0,9977.0
98.4,0.4801369502544416,0.440005787037037,0.0633075715493298,0.6305502656109051,0.1150627806381402,69742.0,93081.0,3686.0,6291.0,0.4613368055555555,0.0968095635467406,1.0,0.1765293935506701,69742.0,93081.0,0.0,9977.0
98.5,0.5046394535899181,0.441400462962963,0.0630736144906757,0.6261401222812468,0.1146028251696936,70027.0,92796.0,3730.0,6247.0,0.4629861111111111,0.0970780263298726,1.0,0.1769756097560975,70027.0,92796.0,0.0,9977.0
98.6,0.5292520601749422,0.4425578703703703,0.0627943008172069,0.6215295178911496,0.114064454418365,70273.0,92550.0,3776.0,6201.0,0.4644097222222222,0.0973109522369717,1.0,0.1773625826637275,70273.0,92550.0,0.0,9977.0
98.7,0.5593984404802544,0.4433854166666666,0.0623349985784492,0.6153152250175403,0.1132019804353638,70478.0,92345.0,3838.0,6139.0,0.4655960648148148,0.0975059127069447,1.0,0.1776863551768047,70478.0,92345.0,0.0,9977.0
98.8,0.5953554503917701,0.4441145833333333,0.0617107942973523,0.6073970131301994,0.1120386033999833,70683.0,92140.0,3917.0,6060.0,0.4667824074074074,0.0977016559436724,1.0,0.1780113119346263,70683.0,92140.0,0.0,9977.0
98.9,0.6331457711458216,0.4448321759259259,0.0612251148545176,0.6010824897263707,0.1111306716576945,70870.0,91953.0,3980.0,5997.0,0.4678645833333333,0.0978808986559403,1.0,0.1783087742500469,70870.0,91953.0,0.0,9977.0
99.0,0.6765824258327489,0.445630787037037,0.0610422293150012,0.5980755738197855,0.1107779706485718,71038.0,91785.0,4010.0,5967.0,0.4688368055555555,0.0980424913032369,1.0,0.1785768621519791,71038.0,91785.0,0.0,9977.0
99.1,0.7257288274765019,0.4460821759259259,0.0607401942702569,0.5941665831412248,0.1102135294172329,71155.0,91668.0,4049.0,5928.0,0.4695138888888889,0.0981553445816321,1.0,0.178764042930605,71155.0,91668.0,0.0,9977.0
99.2,0.7871571326255878,0.4465451388888889,0.0605286379773851,0.5912598977648592,0.1098152371201191,71264.0,91559.0,4078.0,5899.0,0.4701446759259259,0.0982607154112827,1.0,0.1789387784383883,71264.0,91559.0,0.0,9977.0
99.3,0.8593859565854137,0.4467013888888889,0.0599582738101355,0.5847449133005913,0.1087641454911538,71356.0,91467.0,4143.0,5834.0,0.4706770833333333,0.098349828476795,1.0,0.1790865276743163,71356.0,91467.0,0.0,9977.0
99.4,0.9530301165580758,0.4472453703703704,0.0599166538045994,0.5836423774681768,0.1086765831171497,71461.0,91362.0,4154.0,5823.0,0.4712847222222222,0.0984517313176565,1.0,0.1792554529447698,71461.0,91362.0,0.0,9977.0
99.5,1.0686736303568003,0.4472395833333333,0.0589812332439678,0.5733186328555678,0.10695887132212,71563.0,91260.0,4257.0,5720.0,0.471875,0.0985509250570443,1.0,0.1794198572122214,71563.0,91260.0,0.0,9977.0
99.6,1.2272769327163782,0.4468576388888889,0.0571523165104393,0.5536734489325449,0.1036096444748712,71693.0,91130.0,4453.0,5524.0,0.4726273148148148,0.0986776385413472,1.0,0.1796298296784415,71693.0,91130.0,0.0,9977.0
99.7,1.460514584779758,0.44640625,0.0554979145483596,0.5361331061441315,0.1005838716046596,71790.0,91033.0,4628.0,5349.0,0.4731886574074074,0.0987723987723987,1.0,0.17978682188004,71790.0,91033.0,0.0,9977.0
99.8,1.870091418981564,0.4456076388888889,0.0532617069565036,0.5127793926029869,0.0965000801652346,71885.0,90938.0,4861.0,5116.0,0.4650520833333333,0.0852596213812943,0.8495539741405232,0.1549670448208719,71885.0,90938.0,1501.0,8476.0
99.9,2.791328614711829,0.4471354166666667,0.0514981862405904,0.4923323644382079,0.0932431021554874,72353.0,90470.0,5065.0,4912.0,0.4643402777777777,0.080168776371308,0.7903177307807958,0.1455710224125835,72353.0,90470.0,2092.0,7885.0
100.0,306.1107482910156,0.4423206018518518,0.0416295258712169,0.3932043700511176,0.07528811184785,72510.0,90313.0,6054.0,3923.0,0.4423206018518518,0.0416295258712169,0.3932043700511176,0.07528811184785,72510.0,90313.0,6054.0,3923.0
Qbest,0.136281818151474,0.36875,0.0706964816371087,0.8178811265911596,0.1301435406698564,55560.0,107263.0,1817.0,8160.0,0.3792650462962963,0.0850989423404981,1.0,0.1568501065109222,55560.0,107263.0,0.0,9977.0
