,tau,Accuracy,Precision,Recall,F1,tn,fp,fn,tp,Accuracy_PA,Precision_PA,Recall_PA,F1_PA,tn_PA,fp_PA,fn_PA,tp_PA
90.0,0.1205147199332714,0.3166666666666666,0.1015575580354478,1.0,0.1843890177042927,26375,75276,0,8509,0.3166666666666666,0.1015575580354478,1.0,0.1843890177042927,26375,75276,0,8509
91.0,0.1336480833590031,0.4043028322440087,0.1147832890423709,1.0,0.2059293320425943,36029,65622,0,8509,0.4043028322440087,0.1147832890423709,1.0,0.2059293320425943,36029,65622,0,8509
92.0,0.147702162861824,0.4795570079883805,0.1292355826916359,1.0,0.228890383322125,44319,57332,0,8509,0.4795570079883805,0.1292355826916359,1.0,0.228890383322125,44319,57332,0,8509
93.0,0.1668492387235164,0.5685911401597676,0.1518569414452197,1.0,0.263673267019925,54127,47524,0,8509,0.5685911401597676,0.1518569414452197,1.0,0.263673267019925,54127,47524,0,8509
94.0,0.1900584474205971,0.6482116920842411,0.1800389319114722,1.0,0.3051406645030571,62898,38753,0,8509,0.6482116920842411,0.1800389319114722,1.0,0.3051406645030571,62898,38753,0,8509
95.0,0.2165647596120834,0.7082334785766158,0.2093234932349323,1.0,0.3461827946052604,69510,32141,0,8509,0.7082334785766158,0.2093234932349323,1.0,0.3461827946052604,69510,32141,0,8509
96.0,0.2489211720228195,0.7572258533042847,0.2413548551814132,0.9998824773768952,0.3888482632541133,74908,26743,1,8508,0.7572349310094408,0.2413763758084647,1.0,0.3888850803226617,74908,26743,0,8509
97.0,0.2850994563102723,0.793282498184459,0.271945252790125,0.9994123868844752,0.4275515334338864,78884,22767,5,8504,0.7933278867102397,0.2720616447115999,1.0,0.4277491516903355,78884,22767,0,8509
98.0,0.349626760482789,0.8295751633986929,0.3117273761050585,0.9987072511458456,0.475146771037182,82888,18763,11,8498,0.8296750181554103,0.312004986799648,1.0,0.4756155501523155,82888,18763,0,8509
99.0,0.5349927836656608,0.8593409586056645,0.3516898777173913,0.9734398871782818,0.5167025357911481,86382,15269,226,8283,0.8613925199709513,0.3578517957776095,1.0,0.5270852045714994,86382,15269,0,8509
99.1,0.5851372931599618,0.8605936819172113,0.3506889935461364,0.9451169350099894,0.5115613371075984,86761,14890,467,8042,0.8648329702251271,0.3636480191461173,1.0,0.5333458693744515,86761,14890,0,8509
99.2,0.6464382472038296,0.8596496005809732,0.3431974016600505,0.8941121165824422,0.4960067803240212,87091,14560,901,7608,0.8678286129266521,0.3688499718236595,1.0,0.5389195009183608,87091,14560,0,8509
99.3,0.7097922767400758,0.8585421205519245,0.3359309768995268,0.8510988365260312,0.481724149399674,87335,14316,1267,7242,0.8700435729847494,0.3727929901423877,1.0,0.5431161039126828,87335,14316,0,8509
99.4,0.8044194054603608,0.8573075526506899,0.3278414517669532,0.806792807615466,0.4662297531325342,87576,14075,1644,6865,0.8722312999273784,0.3767711654268508,1.0,0.5473257646415591,87576,14075,0,8509
99.5,0.9108605986833592,0.8551742919389979,0.3169952313062288,0.7577858737807028,0.4470017331022531,87758,13893,2061,6448,0.8738834422657952,0.3798321578430497,1.0,0.5505483484843584,87758,13893,0,8509
99.6,1.0997382197380128,0.8497185911401598,0.2915328013265623,0.6611822775884357,0.4046463120796921,87979,13672,2883,5626,0.8758896151053014,0.3836166088093413,1.0,0.5545128706419029,87979,13672,0,8509
99.7,1.6199696511030195,0.8503449527959331,0.2873140297552392,0.6332118932894583,0.3952754750201746,88286,13365,3121,5388,0.8786764705882353,0.3890006400292585,1.0,0.5601158542606063,88286,13365,0,8509
99.8,2.7643288779258834,0.9470225127087872,0.6666251090886424,0.6283934657421554,0.6469449485783424,98977,2674,3162,5347,0.9753449527959333,0.7599856386320797,0.9950640498295922,0.8617811704834606,98977,2674,42,8467
99.9,6.852649537086576,0.9230573710965868,0.8235294117647058,0.0049359501704078,0.0098130841121495,101642,9,8467,42,0.999537037037037,0.9989381783860312,0.9950640498295922,0.9969973506034736,101642,9,42,8467
100.0,23.82763671875,0.9228576615831516,0.8666666666666667,0.0015277941003643,0.0030502111684655,101649,2,8496,13,0.9234295570079885,0.9743589743589745,0.008931719355976,0.0177011761965762,101649,2,8433,76
