,tau,Accuracy,Precision,Recall,F1,tn,fp,fn,tp,Accuracy_PA,Precision_PA,Recall_PA,F1_PA,tn_PA,fp_PA,fn_PA,tp_PA
90.0,0.1205147199332714,0.3129357298474945,0.1010618081619079,1.0,0.1835715441454075,25964.0,75687.0,0.0,8509.0,0.3129357298474945,0.1010618081619079,1.0,0.1835715441454075,25964.0,75687.0,0.0,8509.0
91.0,0.1336480833590031,0.3991285403050109,0.1139074443447878,1.0,0.2045186876577334,35459.0,66192.0,0.0,8509.0,0.3991285403050109,0.1139074443447878,1.0,0.2045186876577334,35459.0,66192.0,0.0,8509.0
92.0,0.147702162861824,0.4738289760348584,0.12800878565411,1.0,0.2269641642549445,43688.0,57963.0,0.0,8509.0,0.4738289760348584,0.12800878565411,1.0,0.2269641642549445,43688.0,57963.0,0.0,8509.0
93.0,0.1668492387235164,0.5616648511256355,0.1498168885132755,1.0,0.2605926039353801,53364.0,48287.0,0.0,8509.0,0.5616648511256355,0.1498168885132755,1.0,0.2605926039353801,53364.0,48287.0,0.0,8509.0
94.0,0.1900584474205971,0.6418119099491648,0.1773927908770613,1.0,0.30133153906084,62193.0,39458.0,0.0,8509.0,0.6418119099491648,0.1773927908770613,1.0,0.30133153906084,62193.0,39458.0,0.0,8509.0
95.0,0.2165647596120834,0.7023329702251271,0.2060290556900726,1.0,0.3416651609146941,68860.0,32791.0,0.0,8509.0,0.7023329702251271,0.2060290556900726,1.0,0.3416651609146941,68860.0,32791.0,0.0,8509.0
96.0,0.2489211720228195,0.7523874364560639,0.2377598926894701,0.9998824773768952,0.3841690560585194,74375.0,27276.0,1.0,8508.0,0.75239651416122,0.2377811932373899,1.0,0.3842055357384747,74375.0,27276.0,0.0,8509.0
97.0,0.2850994563102723,0.7888162672476398,0.2677328967666782,0.9994123868844752,0.4223281684545094,78392.0,23259.0,5.0,8504.0,0.7888616557734205,0.267848149080836,1.0,0.4225240211535119,78392.0,23259.0,0.0,8509.0
98.0,0.349626760482789,0.827060639070443,0.3085917641077783,0.9987072511458456,0.4714955474796793,82611.0,19040.0,11.0,8498.0,0.8271604938271605,0.3088678354931213,1.0,0.4719618392589716,82611.0,19040.0,0.0,8509.0
99.0,0.5349927836656608,0.8586056644880175,0.3504844920238649,0.9734398871782818,0.5154004106776181,86301.0,15350.0,226.0,8283.0,0.8606572258533043,0.3566369085041284,1.0,0.5257661888284726,86301.0,15350.0,0.0,8509.0
99.1,0.5851372931599618,0.8599582425562817,0.3496740547588005,0.9455870255024093,0.5105491925505251,86687.0,14964.0,463.0,8046.0,0.864161220043573,0.3625015975801985,1.0,0.5321118128947533,86687.0,14964.0,0.0,8509.0
99.2,0.6464382472038296,0.8592229484386347,0.3425705159926222,0.8949347749441767,0.4954779100787298,87037.0,14614.0,894.0,7615.0,0.8673384168482208,0.3679885827963499,1.0,0.5379994941831058,87037.0,14614.0,0.0,8509.0
99.3,0.7097922767400758,0.858378721859114,0.3359093012494216,0.8530967211188154,0.48202131544872,87300.0,14351.0,1250.0,7259.0,0.8697258533042846,0.3722222222222222,1.0,0.5425101214574899,87300.0,14351.0,0.0,8509.0
99.4,0.8044194054603608,0.8570806100217865,0.3274998807877545,0.8071453754847808,0.4659430122116688,87548.0,14103.0,1641.0,6868.0,0.8719771241830065,0.3763046170175128,1.0,0.5468333279778927,87548.0,14103.0,0.0,8509.0
99.5,0.9108605986833592,0.8551107480029049,0.3171019045749067,0.7591961452579622,0.4473529309926942,87739.0,13912.0,2049.0,6460.0,0.8737109658678286,0.3795102805405646,1.0,0.5502101519560297,87739.0,13912.0,0.0,8509.0
99.6,1.0997382197380128,0.8497185911401598,0.2917917399855087,0.6625925490656951,0.405159713987999,87967.0,13684.0,2871.0,5638.0,0.8757806826434278,0.3834091830757446,1.0,0.5542961370594749,87967.0,13684.0,0.0,8509.0
99.7,1.6199696511030195,0.8502904865649964,0.2871994455403316,0.6330943706663533,0.3951441355534365,88281.0,13370.0,3122.0,5387.0,0.8786310820624547,0.3889117418529183,1.0,0.5600236935632487,88281.0,13370.0,0.0,8509.0
99.8,2.7643288779258834,0.9460602759622369,0.6579303556047742,0.6283934657421554,0.6428227939408512,98871.0,2780.0,3162.0,5347.0,0.9743827160493828,0.7528229750155597,0.9950640498295922,0.857157319295404,98871.0,2780.0,42.0,8467.0
99.81,2.937287493944148,0.9476307189542484,0.6722837022132797,0.6282759431190504,0.6495352651722254,99045.0,2606.0,3163.0,5346.0,0.9759622367465504,0.7646527589632439,0.9950640498295922,0.8647737718312737,99045.0,2606.0,42.0,8467.0
99.82,3.0585945044994114,0.9483660130718954,0.6792932502860048,0.6280408978728406,0.6526624328285295,99128.0,2523.0,3165.0,5344.0,0.9767156862745098,0.770427661510464,0.9950640498295922,0.8684547925534644,99128.0,2523.0,42.0,8467.0
99.83,3.266184219241138,0.9495642701525054,0.6909349540928488,0.6279233752497356,0.6579239009974142,99261.0,2390.0,3166.0,5343.0,0.977923021060276,0.7798655245463756,0.9950640498295922,0.8744190849943199,99261.0,2390.0,42.0,8467.0
99.84,3.5002043895719788,0.9525689905591866,0.722011898323418,0.6275708073804207,0.6714869537881168,99595.0,2056.0,3169.0,5340.0,0.9809549745824256,0.8046184548132662,0.9950640498295922,0.8897646069777218,99595.0,2056.0,42.0,8467.0
99.85,3.687606226801504,0.9570715323166304,0.7739130434782608,0.6275708073804207,0.6931014342267505,100091.0,1560.0,3169.0,5340.0,0.9854575163398692,0.8444200658222798,0.9950640498295922,0.9135735865343116,100091.0,1560.0,42.0,8467.0
99.86,3.951225575685491,0.9649782135076252,0.893685457931268,0.620401927371019,0.7323806881243063,101023.0,628.0,3230.0,5279.0,0.9939179375453884,0.930951072017592,0.9950640498295922,0.9619404680754372,101023.0,628.0,42.0,8467.0
99.87,4.401535286139298,0.9595951343500364,0.921129099211291,0.5215654013397579,0.6660163577699408,101271.0,380.0,4071.0,4438.0,0.9961692084241104,0.9570475867525716,0.9950640498295922,0.9756856418529616,101271.0,380.0,42.0,8467.0
99.88,5.136908860015203,0.953258896151053,0.9397905759162304,0.4219062169467622,0.5823667775164246,101421.0,230.0,4919.0,3590.0,0.9975308641975308,0.9735540991146372,0.9950640498295922,0.9841915610833428,101421.0,230.0,42.0,8467.0
99.89,6.096748616454096,0.9414941902687,0.977335800185014,0.2483253026207545,0.3960266141879861,101602.0,49.0,6396.0,2113.0,0.9991739288307916,0.994246124941287,0.9950640498295922,0.9946549192364168,101602.0,49.0,42.0,8467.0
99.9,6.852649537082857,0.9230573710965868,0.8113207547169812,0.0050534727935127,0.0100443821537024,101641.0,10.0,8466.0,43.0,0.9995279593318808,0.9988203373835084,0.9950640498295922,0.9969386553632404,101641.0,10.0,42.0,8467.0
100.0,23.82763671875,0.9228576615831516,0.8666666666666667,0.0015277941003643,0.0030502111684655,101649.0,2.0,8496.0,13.0,0.9234295570079885,0.9743589743589745,0.008931719355976,0.0177011761965762,101649.0,2.0,8433.0,76.0
Qbest,3.984332799911499,0.9653867102396514,0.9032978357952594,0.61805147490892,0.733933431023655,101088.0,563.0,3250.0,5259.0,0.9945079883805374,0.9376522702104098,0.9950640498295922,0.9655054450082672,101088.0,563.0,42.0,8467.0
