,tau,Accuracy,Precision,Recall,F1,tn,fp,fn,tp,Accuracy_PA,Precision_PA,Recall_PA,F1_PA,tn_PA,fp_PA,fn_PA,tp_PA
90.0,0.1205147199332714,0.7527687000726216,0.2087713841368584,0.788811846280409,0.3301606040483041,76213,25438,1797,6712,0.769081336238199,0.2506554334698206,1.0,0.4008385151686452,76213,25438,0,8509
91.0,0.1336480833590031,0.7843500363108207,0.231614152437951,0.773181337407451,0.3564501273229669,79825,21826,1930,6579,0.8018700072621642,0.280501071369705,1.0,0.4381114200391309,79825,21826,0,8509
92.0,0.147702162861824,0.8102759622367466,0.2541370689313068,0.7526148783640851,0.3799691467900795,82856,18795,2105,6404,0.8293845315904139,0.3116393202461178,1.0,0.4751905732555217,82856,18795,0,8509
93.0,0.1668492387235164,0.8365649963689179,0.2812111157196184,0.7171230461863909,0.4039989406779661,86054,15597,2407,6102,0.8584150326797385,0.3529826599186924,1.0,0.5217844550053656,86054,15597,0,8509
94.0,0.1900584474205971,0.8600308641975308,0.3123506408863784,0.6758726054765543,0.4272501021507373,88990,12661,2758,5751,0.8850671750181555,0.401936702881436,1.0,0.5734020688028573,88990,12661,0,8509
95.0,0.2165647596120834,0.8777687000726216,0.3436001009845998,0.6397931601833353,0.4470907075103683,91251,10400,3065,5444,0.90559186637618,0.449997355756518,1.0,0.6206871398351448,91251,10400,0,8509
96.0,0.2489211720228195,0.891285403050109,0.3735871071246263,0.602068398166647,0.4610746107461075,93061,8590,3386,5123,0.9220225127087872,0.4976314404351131,1.0,0.6645579506404248,93061,8590,0,8509
97.0,0.2850994563102723,0.9006082062454611,0.3993565418247813,0.5689270184510519,0.4692937812030439,94370,7281,3668,4841,0.93390522875817,0.5388853704876504,1.0,0.7003580394254908,94370,7281,0,8509
98.0,0.349626760482789,0.910511982570806,0.4333036685454365,0.5149841344458809,0.4706261411234024,95920,5731,4127,4382,0.9479756717501816,0.5975421348314607,1.0,0.7480768385423535,95920,5731,0,8509
99.0,0.5349927836656608,0.9183097312999272,0.4642022209234366,0.3733693736044188,0.4138604832931675,97984,3667,5332,3177,0.9667120551924472,0.6988337713534822,1.0,0.8227217790669568,97984,3667,0,8509
99.1,0.5851372931599618,0.9183369644153958,0.4607194708824004,0.3356446115877306,0.3883600761490345,98308,3343,5653,2856,0.9696532316630356,0.7179379007762403,1.0,0.8358135651490595,98308,3343,0,8509
99.2,0.6464382472038296,0.9179829339143064,0.4529180093089867,0.2973322364555177,0.3589925505498404,98595,3056,5979,2530,0.9722585330428468,0.7357544314742759,1.0,0.8477632758792468,98595,3056,0,8509
99.3,0.7097922767400758,0.9181826434277416,0.4502369668246445,0.2679515806792807,0.3359610992411405,98867,2784,6229,2280,0.974727668845316,0.7534756043566812,1.0,0.8594081405918594,98867,2784,0,8509
99.4,0.8044194054603608,0.918473129992738,0.4463880054520672,0.2309319544012222,0.3043916040585547,99214,2437,6544,1965,0.9778776325344952,0.7773615932760826,1.0,0.8747365715754305,99214,2437,0,8509
99.5,0.9108605986833592,0.9191902687000726,0.4497056565139493,0.2064872487953931,0.2830219072164948,99501,2150,6752,1757,0.9804829339143064,0.798292522750727,1.0,0.8878338898163605,99501,2150,0,8509
99.6,1.0997382197380128,0.9207153231663036,0.4646781789638932,0.1739334821953226,0.2531212587651787,99946,1705,7029,1480,0.9845225127087872,0.8330722537693362,1.0,0.9089355338353896,99946,1705,0,8509
99.7,1.6199696511030195,0.9248456790123456,0.5682897862232779,0.1124691503114349,0.1877759246541744,100924,727,7552,957,0.9934005083514889,0.921286271113036,1.0,0.9590307128768668,100924,727,0,8509
99.8,2.7643288779258834,0.926788307915759,0.8639344262295082,0.0619344223763074,0.1155828489966005,101568,83,7982,527,0.9988652868554828,0.9902923976608188,0.9950640498295922,0.9926724895949351,101568,83,42,8467
99.9,6.852649537086576,0.922939360929557,0.7941176470588235,0.0031731108238335,0.0063209645323656,101644,7,8482,27,0.9233841684822076,0.9156626506024096,0.008931719355976,0.0176908752327746,101644,7,8433,76
100.0,23.82763671875,0.9228485838779956,0.8571428571428571,0.0014102714772593,0.0028159098908834,101649,2,8497,12,0.9234295570079885,0.9743589743589745,0.008931719355976,0.0177011761965762,101649,2,8433,76
