,tau,Accuracy,Precision,Recall,F1,tn,fp,fn,tp,Accuracy_PA,Precision_PA,Recall_PA,F1_PA,tn_PA,fp_PA,fn_PA,tp_PA
90.0,0.1205147199332714,0.3335511982570806,0.1038632895941409,1.0,0.1881814361855054,28235,73416,0,8509,0.3335511982570806,0.1038632895941409,1.0,0.1881814361855054,28235,73416,0,8509
91.0,0.1336480833590031,0.4195170660856935,0.1174384100476157,1.0,0.2101921841806235,37705,63946,0,8509,0.4195170660856935,0.1174384100476157,1.0,0.2101921841806235,37705,63946,0,8509
92.0,0.147702162861824,0.4929375453885258,0.1321950689017664,1.0,0.233519951698776,45793,55858,0,8509,0.4929375453885258,0.1321950689017664,1.0,0.233519951698776,45793,55858,0,8509
93.0,0.1668492387235164,0.5798838053740014,0.1553048969683695,1.0,0.2688552560902398,55371,46280,0,8509,0.5798838053740014,0.1553048969683695,1.0,0.2688552560902398,55371,46280,0,8509
94.0,0.1900584474205971,0.6584604212055193,0.1844449743133982,1.0,0.3114454082939863,64027,37624,0,8509,0.6584604212055193,0.1844449743133982,1.0,0.3114454082939863,64027,37624,0,8509
95.0,0.2165647596120834,0.7176833696441539,0.2148249135297533,1.0,0.353672222453136,70551,31100,0,8509,0.7176833696441539,0.2148249135297533,1.0,0.353672222453136,70551,31100,0,8509
96.0,0.2489211720228195,0.7655864197530864,0.2478298863967375,0.9998824773768952,0.3972081514507808,75829,25822,1,8508,0.7655954974582425,0.2478517957531094,1.0,0.3972455648926237,75829,25822,0,8509
97.0,0.2850994563102723,0.7999818445896877,0.2785038157937833,0.9992948642613704,0.4356045081967213,79623,22028,6,8503,0.8000363108206245,0.2786455774961522,1.0,0.4358449008861342,79623,22028,0,8509
98.0,0.349626760482789,0.8326252723311547,0.3155352431910229,0.9980021154072158,0.4794760318446163,83230,18421,17,8492,0.832779593318809,0.3159673226884515,1.0,0.4802054234035949,83230,18421,0,8509
99.0,0.5349927836656608,0.8599854756717502,0.3524264800034146,0.9703842989775532,0.5170643121047029,86479,15172,252,8257,0.8622730573710966,0.3593175963852877,1.0,0.5286735010872942,86479,15172,0,8509
99.1,0.5851372931599618,0.8606209150326798,0.3500021913485559,0.9385356681161124,0.5098640107259146,86820,14831,523,7986,0.8653685548293392,0.364567266495287,1.0,0.5343338880341612,86820,14831,0,8509
99.2,0.6464382472038296,0.8595315904139433,0.342070654392091,0.8864731460806206,0.4936518324607329,87143,14508,966,7543,0.8683006535947713,0.3696832775774427,1.0,0.5398084121042949,87143,14508,0,8509
99.3,0.7097922767400758,0.8583333333333333,0.3346843699044957,0.8442825243859443,0.4793487689330754,87370,14281,1325,7184,0.8703612926652142,0.373365511189118,1.0,0.543723441643503,87370,14281,0,8509
99.4,0.8044194054603608,0.8567810457516339,0.3256739902139499,0.79786108825949,0.462544711292795,87594,14057,1720,6789,0.8723946986201888,0.3770717007887973,1.0,0.5476427996781978,87594,14057,0,8509
99.5,0.9108605986833592,0.8544026870007262,0.3138718607870279,0.746151134093313,0.44186936701813,87772,13879,2160,6349,0.8740105301379811,0.3800696801858138,1.0,0.5507978120853158,87772,13879,0,8509
99.6,1.0997382197380128,0.84960058097313,0.29094682230869,0.6590668703725467,0.4036855744313273,87984,13667,2901,5608,0.875935003631082,0.3837031024531024,1.0,0.554603226332084,87984,13667,0,8509
99.7,1.6199696511030195,0.8511256354393609,0.2886150549156174,0.6330943706663533,0.39648193125782,88373,13278,3122,5387,0.8794662309368192,0.3905540000917978,1.0,0.5617243200422497,88373,13278,0,8509
99.8,2.7643288779258834,0.9472948438634712,0.6691277687398323,0.6283934657421554,0.6481212121212121,99007,2644,3162,5347,0.9756172839506172,0.7620376203762038,0.9950640498295922,0.8630988786952091,99007,2644,42,8467
99.9,6.852649537086576,0.9230392156862746,0.8163265306122449,0.0047009049241979,0.0093479784996494,101642,9,8469,40,0.999537037037037,0.9989381783860312,0.9950640498295922,0.9969973506034736,101642,9,42,8467
100.0,23.82763671875,0.9228576615831516,0.8666666666666667,0.0015277941003643,0.0030502111684655,101649,2,8496,13,0.9234295570079885,0.9743589743589745,0.008931719355976,0.0177011761965762,101649,2,8433,76
