,tau,Accuracy,Precision,Recall,F1,tn,fp,fn,tp,Accuracy_PA,Precision_PA,Recall_PA,F1_PA,tn_PA,fp_PA,fn_PA,tp_PA
90.0,0.1205147199332714,0.3283042846768337,0.1031356435523556,1.0,0.1869863314727728,27657,73994,0,8509,0.3283042846768337,0.1031356435523556,1.0,0.1869863314727728,27657,73994,0,8509
91.0,0.1336480833590031,0.415359477124183,0.1167007255221976,1.0,0.2090098499177126,37247,64404,0,8509,0.415359477124183,0.1167007255221976,1.0,0.2090098499177126,37247,64404,0,8509
92.0,0.147702162861824,0.4886710239651416,0.1312367938060058,1.0,0.2320235595669839,45323,56328,0,8509,0.4886710239651416,0.1312367938060058,1.0,0.2320235595669839,45323,56328,0,8509
93.0,0.1668492387235164,0.5771514161220044,0.1544563441640951,1.0,0.2675828236293023,55070,46581,0,8509,0.5771514161220044,0.1544563441640951,1.0,0.2675828236293023,55070,46581,0,8509
94.0,0.1900584474205971,0.6559277414669572,0.1833362061535809,1.0,0.3098632581344112,63748,37903,0,8509,0.6559277414669572,0.1833362061535809,1.0,0.3098632581344112,63748,37903,0,8509
95.0,0.2165647596120834,0.7153957879448075,0.2134667971199919,1.0,0.3518296464750878,70299,31352,0,8509,0.7153957879448075,0.2134667971199919,1.0,0.3518296464750878,70299,31352,0,8509
96.0,0.2489211720228195,0.763761801016703,0.246387304161478,0.9998824773768952,0.3953531598513011,75628,26023,1,8508,0.7637708787218591,0.2464091277655508,1.0,0.3953904416718942,75628,26023,0,8509
97.0,0.2850994563102723,0.7982570806100218,0.2767813547736076,0.9992948642613704,0.4334947744073413,79433,22218,6,8503,0.7983115468409586,0.2769225762358837,1.0,0.4337343256193291,79433,22218,0,8509
98.0,0.349626760482789,0.8318718228031954,0.3145651207586309,0.9980021154072158,0.4783551612448951,83147,18504,17,8492,0.8320261437908497,0.3149964831747677,1.0,0.4790833849445414,83147,18504,0,8509
99.0,0.5349927836656608,0.859640522875817,0.3518684221739315,0.970501821600658,0.5164800800550378,86440,15211,251,8258,0.8619190268700072,0.3587268128161888,1.0,0.528033758416333,86440,15211,0,8509
99.1,0.5851372931599618,0.8603122730573711,0.3494155247143295,0.9379480550005876,0.5091547049441786,86791,14860,528,7981,0.8651053013798112,0.3641148530103983,1.0,0.5338477947173599,86791,14860,0,8509
99.2,0.6464382472038296,0.8592501815541032,0.3414468316562415,0.8852979198495711,0.4928199928036375,87122,14529,976,7533,0.8681100217864923,0.3693462974216512,1.0,0.5394490759818683,87122,14529,0,8509
99.3,0.7097922767400758,0.8581608569353667,0.3343266902588936,0.8438124338935244,0.4789061197265299,87355,14296,1329,7180,0.8702251270878721,0.3731199298399474,1.0,0.5434629878009836,87355,14296,0,8509
99.4,0.8044194054603608,0.8566902687000726,0.325534567072586,0.7979786108825949,0.4624238090373548,87583,14068,1719,6790,0.8722948438634713,0.3768879833458829,1.0,0.5474490124171653,87583,14068,0,8509
99.5,0.9108605986833592,0.8542937545388526,0.3135752422384813,0.7454459983546833,0.4414517868949438,87766,13885,2166,6343,0.8739560639070443,0.3799678485308564,1.0,0.5506908714364301,87766,13885,0,8509
99.6,1.0997382197380128,0.8495370370370371,0.2907543841444432,0.6585967798801269,0.4034121585141993,87981,13670,2905,5604,0.8759077705156136,0.3836512015870869,1.0,0.5545490093847758,87981,13670,0,8509
99.7,1.6199696511030195,0.850526506899056,0.2875980994073995,0.6330943706663533,0.3955212922173274,88307,13344,3122,5387,0.8788671023965141,0.3893744565963483,1.0,0.5605032606547659,88307,13344,0,8509
99.8,2.7643288779258834,0.9472948438634712,0.6691277687398323,0.6283934657421554,0.6481212121212121,99007,2644,3162,5347,0.9756172839506172,0.7620376203762038,0.9950640498295922,0.8630988786952091,99007,2644,42,8467
99.9,6.852649537086576,0.9230392156862746,0.8163265306122449,0.0047009049241979,0.0093479784996494,101642,9,8469,40,0.999537037037037,0.9989381783860312,0.9950640498295922,0.9969973506034736,101642,9,42,8467
100.0,23.82763671875,0.9228576615831516,0.8666666666666667,0.0015277941003643,0.0030502111684655,101649,2,8496,13,0.9234295570079885,0.9743589743589745,0.008931719355976,0.0177011761965762,101649,2,8433,76
