,tau,Accuracy,Precision,Recall,F1,ROC_AUC,tn,fp,fn,tp,Accuracy_PA,Precision_PA,Recall_PA,F1_PA,tn_PA,fp_PA,fn_PA,tp_PA
Q80.000,1.3100712776184098,0.9735812133072408,0.5625,0.8181818181818182,0.6666666666666666,0.9886631736985628,968,21,6,27,0.9794520547945206,0.6111111111111112,1.0,0.7586206896551725,968,21,0,33
Q81.000,1.3481739282608032,0.9755381604696672,0.5869565217391305,0.8181818181818182,0.6835443037974683,0.9886631736985628,970,19,6,27,0.9814090019569472,0.6346153846153846,1.0,0.7764705882352941,970,19,0,33
Q82.000,1.4290448713302613,0.977495107632094,0.6190476190476191,0.7878787878787878,0.6933333333333334,0.9886631736985628,973,16,7,26,0.9843444227005872,0.673469387755102,1.0,0.8048780487804877,973,16,0,33
Q83.000,1.474650789499283,0.9794520547945206,0.65,0.7878787878787878,0.7123287671232875,0.9886631736985628,975,14,7,26,0.9863013698630136,0.7021276595744681,1.0,0.825,975,14,0,33
Q84.000,1.5229729747772218,0.9794520547945206,0.65,0.7878787878787878,0.7123287671232875,0.9886631736985628,975,14,7,26,0.9863013698630136,0.7021276595744681,1.0,0.825,975,14,0,33
Q85.000,1.5449180126190187,0.980430528375734,0.6666666666666666,0.7878787878787878,0.7222222222222221,0.9886631736985628,976,13,7,26,0.987279843444227,0.717391304347826,1.0,0.8354430379746834,976,13,0,33
Q86.000,1.5872159385681168,0.9823874755381604,0.7027027027027027,0.7878787878787878,0.7428571428571429,0.9886631736985628,978,11,7,26,0.9892367906066536,0.75,1.0,0.8571428571428571,978,11,0,33
Q87.000,1.720066616535187,0.9843444227005872,0.7575757575757576,0.7575757575757576,0.7575757575757576,0.9886631736985628,981,8,8,25,0.9921722113502937,0.8048780487804879,1.0,0.8918918918918919,981,8,0,33
Q88.000,1.7467033863067627,0.9843444227005872,0.7575757575757576,0.7575757575757576,0.7575757575757576,0.9886631736985628,981,8,8,25,0.9921722113502937,0.8048780487804879,1.0,0.8918918918918919,981,8,0,33
Q89.000,1.8515358889102964,0.9843444227005872,0.7931034482758621,0.696969696969697,0.7419354838709677,0.9886631736985628,983,6,10,23,0.99412915851272,0.8461538461538461,1.0,0.9166666666666666,983,6,0,33
Q90.000,2.0413589477539062,0.980430528375734,0.782608695652174,0.5454545454545454,0.6428571428571429,0.9886631736985628,984,5,15,18,0.9951076320939336,0.868421052631579,1.0,0.9295774647887324,984,5,0,33
Q91.000,2.1185526537895245,0.9784735812133072,0.7619047619047619,0.4848484848484848,0.5925925925925926,0.9886631736985628,984,5,17,16,0.9951076320939336,0.868421052631579,1.0,0.9295774647887324,984,5,0,33
Q92.000,2.6302066421508803,0.971624266144814,0.75,0.1818181818181818,0.2926829268292683,0.9886631736985628,987,2,27,6,0.974559686888454,0.8181818181818182,0.2727272727272727,0.4090909090909091,987,2,24,9
Q93.000,2.919597222805026,0.9706457925636008,0.8,0.1212121212121212,0.2105263157894737,0.9886631736985628,988,1,29,4,0.9755381604696672,0.9,0.2727272727272727,0.4186046511627906,988,1,24,9
Q94.000,3.155929241180422,0.9686888454011742,0.6666666666666666,0.0606060606060606,0.1111111111111111,0.9886631736985628,988,1,31,2,0.9686888454011742,0.6666666666666666,0.0606060606060606,0.1111111111111111,988,1,31,2
Q95.000,3.4081333398819287,0.9686888454011742,0.6666666666666666,0.0606060606060606,0.1111111111111111,0.9886631736985628,988,1,31,2,0.9686888454011742,0.6666666666666666,0.0606060606060606,0.1111111111111111,988,1,31,2
Q96.000,4.521423683166519,0.9696673189823874,1.0,0.0606060606060606,0.1142857142857143,0.9886631736985628,989,0,31,2,0.9696673189823874,1.0,0.0606060606060606,0.1142857142857143,989,0,31,2
Q97.000,5.281942758560311,0.9696673189823874,1.0,0.0606060606060606,0.1142857142857143,0.9886631736985628,989,0,31,2,0.9696673189823874,1.0,0.0606060606060606,0.1142857142857143,989,0,31,2
Q98.000,7.294656858444305,0.9696673189823874,1.0,0.0606060606060606,0.1142857142857143,0.9886631736985628,989,0,31,2,0.9696673189823874,1.0,0.0606060606060606,0.1142857142857143,989,0,31,2
Q99.000,11.314674043655414,0.9696673189823874,1.0,0.0606060606060606,0.1142857142857143,0.9886631736985628,989,0,31,2,0.9696673189823874,1.0,0.0606060606060606,0.1142857142857143,989,0,31,2
Q100.000,13.274076461791992,0.9696673189823874,1.0,0.0606060606060606,0.1142857142857143,0.9886631736985628,989,0,31,2,0.9696673189823874,1.0,0.0606060606060606,0.1142857142857143,989,0,31,2
Q_off_f1_best,10.700702667236328,0.9696673189823874,1.0,0.0606060606060606,0.1142857142857143,0.9886631736985628,989,0,31,2,0.9696673189823874,1.0,0.0606060606060606,0.1142857142857143,989,0,31,2
