,tau,Accuracy,Precision,Recall,F1,ROC_AUC,tn,fp,fn,tp,Accuracy_PA,Precision_PA,Recall_PA,F1_PA,tn_PA,fp_PA,fn_PA,tp_PA
Q90.000,0.3381195127964019,0.7836583101207056,0.1427023121387283,0.6752136752136753,0.235609901580674,0.8074617653799859,17778,4746,380,790,0.7996961256014181,0.1977687626774847,1.0,0.3302286198137172,17778,4746,0,1170
Q91.000,0.3645433175563813,0.7999071494893222,0.1478998225202129,0.6410256410256411,0.2403460983816696,0.8074617653799859,18203,4321,420,750,0.8176331560732675,0.2130759424512839,1.0,0.3512986038132412,18203,4321,0,1170
Q92.000,0.3991647076606749,0.816324807968262,0.1523164335664335,0.5957264957264957,0.2426035502958579,0.8074617653799859,18645,3879,473,697,0.8362876677639909,0.231729055258467,1.0,0.3762662807525325,18645,3879,0,1170
Q93.000,0.4430557847023011,0.8355279817675361,0.160398505603985,0.5504273504273505,0.2484088717454194,0.8074617653799859,19153,3371,526,644,0.8577276947750485,0.2576524994494604,1.0,0.409735597968832,19153,3371,0,1170
Q94.000,0.4959391784667968,0.8505528825863088,0.1631145211707871,0.4905982905982906,0.2448283216037534,0.8074617653799859,19579,2945,596,574,0.8757069300244787,0.284325637910085,1.0,0.4427625354777671,19579,2945,0,1170
Q95.000,0.5657924652099615,0.8662530598463746,0.1653833277535989,0.4222222222222222,0.2376713976425306,0.8074617653799859,20031,2493,676,494,0.8947834894910104,0.3194103194103194,1.0,0.4841713221601489,20031,2493,0,1170
Q96.000,0.6883397555351294,0.8879041107453364,0.1802925989672977,0.3581196581196581,0.2398397252432741,0.8074617653799859,20619,1905,751,419,0.9195998987085338,0.3804878048780488,1.0,0.5512367491166078,20619,1905,0,1170
Q97.000,0.8614130663871766,0.9058411412171856,0.2001130582249858,0.3025641025641025,0.2408982647158897,0.8074617653799859,21109,1415,816,354,0.9402802397231368,0.4526112185686654,1.0,0.6231691078561917,21109,1415,0,1170
Q98.000,1.1362265014648476,0.9251709293492024,0.2514427040395713,0.2606837606837607,0.2559798573227025,0.8074617653799859,21616,908,865,305,0.9616780619566137,0.563041385948027,1.0,0.7204433497536946,21616,908,0,1170
Q99.000,1.8816189002991013,0.9433189837089558,0.3633491311216429,0.1965811965811965,0.2551303383250138,0.8074617653799859,22121,403,940,230,0.9829914746349286,0.743801652892562,1.0,0.8530805687203791,22121,403,0,1170
Q100.000,353.0625305175781,0.950873638895923,1.0,0.0051282051282051,0.010204081632653,0.8074617653799859,22524,0,1164,6,0.9692749219211616,1.0,0.3777777777777777,0.5483870967741935,22524,0,728,442
Q_off_f1_best,1.576119899749756,0.9392251202836162,0.3269230769230769,0.2179487179487179,0.2615384615384615,0.8074617653799859,21999,525,915,255,0.9778424917700684,0.6902654867256637,1.0,0.8167539267015707,21999,525,0,1170
