,tau,Accuracy,Precision,Recall,F1,ROC_AUC,tn,fp,fn,tp,Accuracy_PA,Precision_PA,Recall_PA,F1_PA,tn_PA,fp_PA,fn_PA,tp_PA
Q90.000,0.3381195127964019,0.7864860302186207,0.1219132801866614,0.5358974358974359,0.1986377316648186,,18008,4516,543,627,0.8094032244450072,0.2057685543440028,1.0,0.3413068844807468,18008,4516,0,1170
Q91.000,0.3645433175563813,0.8050561323541825,0.1263271939328277,0.4982905982905983,0.2015557476231633,,18492,4032,587,583,0.8298303367941251,0.2249134948096885,1.0,0.367231638418079,18492,4032,0,1170
Q92.000,0.3991647076606749,0.8222756816071579,0.1272370679088011,0.4435897435897435,0.1977519527529053,,18964,3560,651,519,0.8497509918122732,0.2473572938689217,1.0,0.3966101694915254,18964,3560,0,1170
Q93.000,0.4430557847023011,0.8392842069722293,0.1282412626832018,0.3888888888888889,0.1928783382789317,,19431,3093,715,455,0.8694606229425171,0.2744546094299789,1.0,0.4307012700165654,19431,3093,0,1170
Q94.000,0.4959391784667968,0.854773360344391,0.1333548595414917,0.352991452991453,0.1935786266697914,,19840,2684,757,413,0.8867223769730733,0.3035806953814219,1.0,0.465764331210191,19840,2684,0,1170
Q95.000,0.5657924652099615,0.870684561492361,0.1393754760091393,0.3128205128205128,0.1928345626975764,,20264,2260,804,366,0.904617202667342,0.3411078717201166,1.0,0.5086956521739131,20264,2260,0,1170
Q96.000,0.6883397555351294,0.8917447455051912,0.159257449926722,0.2786324786324786,0.2026732981038234,,20803,1721,844,326,0.9273655777834052,0.4047042545831892,1.0,0.5762127554789461,20803,1721,0,1170
Q97.000,0.8614130663871766,0.9100194141976872,0.1920614596670934,0.2564102564102564,0.219619326500732,,21262,1262,870,300,0.9467375706930024,0.4810855263157895,1.0,0.6496390893947808,21262,1262,0,1170
Q98.000,1.1362265014648476,0.926690301342112,0.23725671918443,0.2188034188034188,0.2276567363272565,,21701,823,914,256,0.9652654680509832,0.5870546914199699,1.0,0.7398039835599115,21701,823,0,1170
Q99.000,1.8816189002991013,0.9436566219296024,0.3446327683615819,0.1564102564102564,0.2151675485008818,,22176,348,987,183,0.985312737401874,0.7707509881422925,1.0,0.8705357142857143,22176,348,0,1170
Q100.000,353.0625305175781,0.9510424580062464,1.0,0.0085470085470085,0.0169491525423728,,22524,0,1160,10,0.9697813792521314,1.0,0.388034188034188,0.5591133004926109,22524,0,716,454
Q_off_f1_best,1.576119899749756,0.9395627585042626,0.3079178885630498,0.1794871794871795,0.2267818574514039,0.751030885194444,22052,472,960,210,0.980079344981852,0.7125456760048721,1.0,0.8321479374110953,22052,472,0,1170
