,tau,Accuracy,Precision,Recall,F1,ROC_AUC,tn,fp,fn,tp,Accuracy_PA,Precision_PA,Recall_PA,F1_PA,tn_PA,fp_PA,fn_PA,tp_PA
Q90.000,3.681747157504534e-17,0.1072686937230849,0.0223080223080223,0.975,0.0436180623514609,0.8369577169132346,666,6837,4,156,0.1077906825003262,0.0228669429755609,1.0,0.044711471286852,666,6837,0,160
Q91.000,3.681747157504534e-17,0.1072686937230849,0.0223080223080223,0.975,0.0436180623514609,0.8369577169132346,666,6837,4,156,0.1077906825003262,0.0228669429755609,1.0,0.044711471286852,666,6837,0,160
Q92.000,3.681747157504534e-17,0.1072686937230849,0.0223080223080223,0.975,0.0436180623514609,0.8369577169132346,666,6837,4,156,0.1077906825003262,0.0228669429755609,1.0,0.044711471286852,666,6837,0,160
Q93.000,3.681747157504534e-17,0.1072686937230849,0.0223080223080223,0.975,0.0436180623514609,0.8369577169132346,666,6837,4,156,0.1077906825003262,0.0228669429755609,1.0,0.044711471286852,666,6837,0,160
Q94.000,3.681747157504534e-17,0.1072686937230849,0.0223080223080223,0.975,0.0436180623514609,0.8369577169132346,666,6837,4,156,0.1077906825003262,0.0228669429755609,1.0,0.044711471286852,666,6837,0,160
Q95.000,3.681747157504534e-17,0.1072686937230849,0.0223080223080223,0.975,0.0436180623514609,0.8369577169132346,666,6837,4,156,0.1077906825003262,0.0228669429755609,1.0,0.044711471286852,666,6837,0,160
Q96.000,3.681747157504534e-17,0.1072686937230849,0.0223080223080223,0.975,0.0436180623514609,0.8369577169132346,666,6837,4,156,0.1077906825003262,0.0228669429755609,1.0,0.044711471286852,666,6837,0,160
Q97.000,3.681747157504534e-17,0.1072686937230849,0.0223080223080223,0.975,0.0436180623514609,0.8369577169132346,666,6837,4,156,0.1077906825003262,0.0228669429755609,1.0,0.044711471286852,666,6837,0,160
Q98.000,3.681747157504534e-17,0.1072686937230849,0.0223080223080223,0.975,0.0436180623514609,0.8369577169132346,666,6837,4,156,0.1077906825003262,0.0228669429755609,1.0,0.044711471286852,666,6837,0,160
Q99.000,3.681747157504534e-17,0.1072686937230849,0.0223080223080223,0.975,0.0436180623514609,0.8369577169132346,666,6837,4,156,0.1077906825003262,0.0228669429755609,1.0,0.044711471286852,666,6837,0,160
Q100.000,5.159067577850355e-17,0.3480360172256296,0.0281030444964871,0.9,0.0545041635124905,0.8369577169132346,2523,4980,16,144,0.3501239723345948,0.0311284046692607,1.0,0.060377358490566,2523,4980,0,160
Q_off_f1_best,0.0099841207265853,0.9445386924181132,0.1744471744471744,0.44375,0.2504409171075838,0.8468570904971345,7167,336,89,71,0.9561529427117316,0.3225806451612903,1.0,0.4878048780487805,7167,336,0,160
