,tau,Accuracy,Precision,Recall,F1,ROC_AUC,tn,fp,fn,tp,Accuracy_PA,Precision_PA,Recall_PA,F1_PA,tn_PA,fp_PA,fn_PA,tp_PA
Q90.000,3.681747157504534e-17,0.0208795510896515,0.0208795510896515,1.0,0.0409050236482168,0.8156387445021991,0,7503,0,160,0.0208795510896515,0.0208795510896515,1.0,0.0409050236482168,0,7503,0,160
Q91.000,3.681747157504534e-17,0.0208795510896515,0.0208795510896515,1.0,0.0409050236482168,0.8156387445021991,0,7503,0,160,0.0208795510896515,0.0208795510896515,1.0,0.0409050236482168,0,7503,0,160
Q92.000,3.681747157504534e-17,0.0208795510896515,0.0208795510896515,1.0,0.0409050236482168,0.8156387445021991,0,7503,0,160,0.0208795510896515,0.0208795510896515,1.0,0.0409050236482168,0,7503,0,160
Q93.000,3.681747157504534e-17,0.0208795510896515,0.0208795510896515,1.0,0.0409050236482168,0.8156387445021991,0,7503,0,160,0.0208795510896515,0.0208795510896515,1.0,0.0409050236482168,0,7503,0,160
Q94.000,3.681747157504534e-17,0.0208795510896515,0.0208795510896515,1.0,0.0409050236482168,0.8156387445021991,0,7503,0,160,0.0208795510896515,0.0208795510896515,1.0,0.0409050236482168,0,7503,0,160
Q95.000,3.681747157504534e-17,0.0208795510896515,0.0208795510896515,1.0,0.0409050236482168,0.8156387445021991,0,7503,0,160,0.0208795510896515,0.0208795510896515,1.0,0.0409050236482168,0,7503,0,160
Q96.000,3.681747157504534e-17,0.0208795510896515,0.0208795510896515,1.0,0.0409050236482168,0.8156387445021991,0,7503,0,160,0.0208795510896515,0.0208795510896515,1.0,0.0409050236482168,0,7503,0,160
Q97.000,3.681747157504534e-17,0.0208795510896515,0.0208795510896515,1.0,0.0409050236482168,0.8156387445021991,0,7503,0,160,0.0208795510896515,0.0208795510896515,1.0,0.0409050236482168,0,7503,0,160
Q98.000,3.681747157504534e-17,0.0208795510896515,0.0208795510896515,1.0,0.0409050236482168,0.8156387445021991,0,7503,0,160,0.0208795510896515,0.0208795510896515,1.0,0.0409050236482168,0,7503,0,160
Q99.000,3.681747157504534e-17,0.0208795510896515,0.0208795510896515,1.0,0.0409050236482168,0.8156387445021991,0,7503,0,160,0.0208795510896515,0.0208795510896515,1.0,0.0409050236482168,0,7503,0,160
Q100.000,5.159067577850355e-17,0.0208795510896515,0.0208795510896515,1.0,0.0409050236482168,0.8156387445021991,0,7503,0,160,0.0208795510896515,0.0208795510896515,1.0,0.0409050236482168,0,7503,0,160
Q_off_f1_best,0.0099841207265853,0.9431032232806996,0.1698564593301435,0.44375,0.245674740484429,0.8156387445021991,7156,347,89,71,0.954717473574318,0.3155818540433925,1.0,0.47976011994003,7156,347,0,160
