,tau,Accuracy,Precision,Recall,F1,ROC_AUC,tn,fp,fn,tp,Accuracy_PA,Precision_PA,Recall_PA,F1_PA,tn_PA,fp_PA,fn_PA,tp_PA
Q80.000,1.5077989339828497,0.4586173320350535,0.0089126559714795,1.0,0.0176678445229681,0.9209393346379648,466,556,0,5,0.4586173320350535,0.0089126559714795,1.0,0.0176678445229681,466,556,0,5
Q81.000,1.5435307812690735,0.4605647517039922,0.0089445438282647,1.0,0.0177304964539007,0.9209393346379648,468,554,0,5,0.4605647517039922,0.0089445438282647,1.0,0.0177304964539007,468,554,0,5
Q82.000,1.5620564627647402,0.4625121713729309,0.0089766606822262,1.0,0.0177935943060498,0.9211350293542074,470,552,0,5,0.4625121713729309,0.0089766606822262,1.0,0.0177935943060498,470,552,0,5
Q83.000,1.613971749544145,0.4751703992210321,0.0091911764705882,1.0,0.0182149362477231,0.9211350293542075,483,539,0,5,0.4751703992210321,0.0091911764705882,1.0,0.0182149362477231,483,539,0,5
Q84.000,1.7180011796951296,0.4819863680623174,0.0093109869646182,1.0,0.018450184501845,0.9211350293542072,490,532,0,5,0.4819863680623174,0.0093109869646182,1.0,0.018450184501845,490,532,0,5
Q85.000,1.755963790416718,0.4849074975657254,0.0093632958801498,1.0,0.0185528756957328,0.9211350293542072,493,529,0,5,0.4849074975657254,0.0093632958801498,1.0,0.0185528756957328,493,529,0,5
Q86.000,1.8061626958847048,0.489776046738072,0.0094517958412098,1.0,0.0187265917602996,0.9211350293542074,498,524,0,5,0.489776046738072,0.0094517958412098,1.0,0.0187265917602996,498,524,0,5
Q87.000,1.895958989858628,0.5004868549172347,0.0096525096525096,1.0,0.0191204588910133,0.9211350293542074,509,513,0,5,0.5004868549172347,0.0096525096525096,1.0,0.0191204588910133,509,513,0,5
Q88.000,1.941915616989136,0.5034079844206426,0.0097087378640776,1.0,0.0192307692307692,0.9211350293542075,512,510,0,5,0.5034079844206426,0.0097087378640776,1.0,0.0192307692307692,512,510,0,5
Q89.000,1.9637848806381244,0.50730282375852,0.009784735812133,1.0,0.0193798449612403,0.9209393346379648,516,506,0,5,0.50730282375852,0.009784735812133,1.0,0.0193798449612403,516,506,0,5
Q90.000,2.106936144828797,0.5209347614410905,0.0100603621730382,1.0,0.0199203187250996,0.920743639921722,530,492,0,5,0.5209347614410905,0.0100603621730382,1.0,0.0199203187250996,530,492,0,5
Q91.000,2.1403003382682804,0.5277507302823758,0.010204081632653,1.0,0.0202020202020202,0.9209393346379648,537,485,0,5,0.5277507302823758,0.010204081632653,1.0,0.0202020202020202,537,485,0,5
Q92.000,2.2261327171325704,0.5355404089581305,0.0103734439834024,1.0,0.0205338809034907,0.9211350293542075,545,477,0,5,0.5355404089581305,0.0103734439834024,1.0,0.0205338809034907,545,477,0,5
Q93.000,2.2748072504997263,0.5413826679649465,0.0105042016806722,1.0,0.0207900207900207,0.92133072407045,551,471,0,5,0.5413826679649465,0.0105042016806722,1.0,0.0207900207900207,551,471,0,5
Q94.000,2.447192034721375,0.5589094449853943,0.0109170305676855,1.0,0.0215982721382289,0.9215264187866928,569,453,0,5,0.5589094449853943,0.0109170305676855,1.0,0.0215982721382289,569,453,0,5
Q95.000,2.761779856681824,0.5959104186952289,0.0119047619047619,1.0,0.0235294117647058,0.9211350293542074,607,415,0,5,0.5959104186952289,0.0119047619047619,1.0,0.0235294117647058,607,415,0,5
Q96.000,3.009604063034061,0.620253164556962,0.0126582278481012,1.0,0.0249999999999999,0.920156555772994,632,390,0,5,0.620253164556962,0.0126582278481012,1.0,0.0249999999999999,632,390,0,5
Q97.000,3.1185075235366893,0.631937682570594,0.0130548302872062,1.0,0.0257731958762886,0.9205479452054794,644,378,0,5,0.631937682570594,0.0130548302872062,1.0,0.0257731958762886,644,378,0,5
Q98.000,3.483095335960401,0.6611489776046738,0.0113960113960113,0.8,0.0224719101123595,0.9201565557729942,675,347,1,4,0.6611489776046738,0.0113960113960113,0.8,0.0224719101123595,675,347,1,4
Q99.000,4.385546669960039,0.7370983446932814,0.0146520146520146,0.8,0.0287769784172661,0.9197651663405088,753,269,1,4,0.7370983446932814,0.0146520146520146,0.8,0.0287769784172661,753,269,1,4
Q100.000,23.915340423583984,0.9951314508276532,1.0,0.0,0.0,0.9099804305283756,1022,0,5,0,0.9951314508276532,1.0,0.0,0.0,1022,0,5,0
Q_off_f1_best,18.926610946655277,0.997078870496592,1.0,0.4,0.5714285714285715,0.9101761252446184,1022,0,3,2,0.997078870496592,1.0,0.4,0.5714285714285715,1022,0,3,2
