,tau,Accuracy,Precision,Recall,F1,ROC_AUC,tn,fp,fn,tp,Accuracy_PA,Precision_PA,Recall_PA,F1_PA,tn_PA,fp_PA,fn_PA,tp_PA
Q80.000,1.5077989339828497,0.4576436222005842,0.0088967971530249,1.0,0.0176366843033509,,465,557,0,5,0.4576436222005842,0.0088967971530249,1.0,0.0176366843033509,465,557,0,5
Q81.000,1.5435307812690735,0.4605647517039922,0.0089445438282647,1.0,0.0177304964539007,,468,554,0,5,0.4605647517039922,0.0089445438282647,1.0,0.0177304964539007,468,554,0,5
Q82.000,1.5620564627647402,0.4625121713729309,0.0089766606822262,1.0,0.0177935943060498,,470,552,0,5,0.4625121713729309,0.0089766606822262,1.0,0.0177935943060498,470,552,0,5
Q83.000,1.613971749544145,0.4693281402142161,0.009090909090909,1.0,0.018018018018018,,477,545,0,5,0.4693281402142161,0.009090909090909,1.0,0.018018018018018,477,545,0,5
Q84.000,1.7180011796951296,0.4780915287244401,0.0092421441774491,1.0,0.0183150183150183,,486,536,0,5,0.4780915287244401,0.0092421441774491,1.0,0.0183150183150183,486,536,0,5
Q85.000,1.755963790416718,0.4800389483933788,0.0092764378478664,1.0,0.0183823529411764,,488,534,0,5,0.4800389483933788,0.0092764378478664,1.0,0.0183823529411764,488,534,0,5
Q86.000,1.8061626958847048,0.4858812074001947,0.0093808630393996,1.0,0.0185873605947955,,494,528,0,5,0.4858812074001947,0.0093808630393996,1.0,0.0185873605947955,494,528,0,5
Q87.000,1.895958989858628,0.49269717624148,0.0095057034220532,1.0,0.0188323917137476,,501,521,0,5,0.49269717624148,0.0095057034220532,1.0,0.0188323917137476,501,521,0,5
Q88.000,1.941915616989136,0.4995131450827653,0.0096339113680154,1.0,0.0190839694656488,,508,514,0,5,0.4995131450827653,0.0096339113680154,1.0,0.0190839694656488,508,514,0,5
Q89.000,1.9637848806381244,0.5034079844206426,0.0097087378640776,1.0,0.0192307692307692,,512,510,0,5,0.5034079844206426,0.0097087378640776,1.0,0.0192307692307692,512,510,0,5
Q90.000,2.106936144828797,0.5150925024342746,0.0099403578528827,1.0,0.0196850393700787,,524,498,0,5,0.5150925024342746,0.0099403578528827,1.0,0.0196850393700787,524,498,0,5
Q91.000,2.1403003382682804,0.5150925024342746,0.0099403578528827,1.0,0.0196850393700787,,524,498,0,5,0.5150925024342746,0.0099403578528827,1.0,0.0196850393700787,524,498,0,5
Q92.000,2.2261327171325704,0.5248296007789679,0.0101419878296146,1.0,0.0200803212851405,,534,488,0,5,0.5248296007789679,0.0101419878296146,1.0,0.0200803212851405,534,488,0,5
Q93.000,2.2748072504997263,0.5306718597857838,0.0102669404517453,1.0,0.0203252032520325,,540,482,0,5,0.5306718597857838,0.0102669404517453,1.0,0.0203252032520325,540,482,0,5
Q94.000,2.447192034721375,0.5443037974683544,0.0105708245243128,1.0,0.0209205020920502,,554,468,0,5,0.5443037974683544,0.0105708245243128,1.0,0.0209205020920502,554,468,0,5
Q95.000,2.761779856681824,0.5813047711781889,0.0114942528735632,1.0,0.0227272727272727,,592,430,0,5,0.5813047711781889,0.0114942528735632,1.0,0.0227272727272727,592,430,0,5
Q96.000,3.009604063034061,0.6046738072054528,0.0121654501216545,1.0,0.0240384615384615,,616,406,0,5,0.6046738072054528,0.0121654501216545,1.0,0.0240384615384615,616,406,0,5
Q97.000,3.1185075235366893,0.6134371957156767,0.0124378109452736,1.0,0.0245700245700245,,625,397,0,5,0.6134371957156767,0.0124378109452736,1.0,0.0245700245700245,625,397,0,5
Q98.000,3.483095335960401,0.6465433300876339,0.0135869565217391,1.0,0.0268096514745308,,659,363,0,5,0.6465433300876339,0.0135869565217391,1.0,0.0268096514745308,659,363,0,5
Q99.000,4.385546669960039,0.7039922103213242,0.013029315960912,0.8,0.0256410256410256,,719,303,1,4,0.7039922103213242,0.013029315960912,0.8,0.0256410256410256,719,303,1,4
Q100.000,23.915340423583984,0.9961051606621228,1.0,0.2,0.3333333333333333,,1022,0,4,1,0.9961051606621228,1.0,0.2,0.3333333333333333,1022,0,4,1
Q_off_f1_best,18.926610946655277,0.9892891918208374,0.25,0.6,0.3529411764705882,0.92133072407045,1013,9,2,3,0.9902629016553068,0.3076923076923077,0.8,0.4444444444444444,1013,9,1,4
