,tau,Accuracy,Precision,Recall,F1,tn,fp,fn,tp,Accuracy_PA,Precision_PA,Recall_PA,F1_PA,tn_PA,fp_PA,fn_PA,tp_PA
90.0,0.0128100789152086,0.3164235101663422,0.1463034736553637,0.9585043236113148,0.2538586574152697,90045.0,305287.0,2265.0,52319.0,0.3184705589487815,0.1484964870149249,0.9753773999706874,0.2577515486152632,90045.0,305287.0,1344.0,53240.0
91.0,0.014810760775581,0.3240493781061354,0.1476431599251052,0.9577898285211784,0.255847470276328,93515.0,301817.0,2304.0,52280.0,0.3261831097360396,0.1499477548675283,0.9753773999706874,0.2599349186238682,93515.0,301817.0,1344.0,53240.0
92.0,0.0174801521748304,0.3322864712524115,0.1490304582587367,0.9561959548585666,0.257869916329258,97308.0,298024.0,2391.0,52193.0,0.3346135723112758,0.1515669126355106,0.9753773999706874,0.2623642348859671,97308.0,298024.0,1344.0,53240.0
93.0,0.0217355258576571,0.3396345095528943,0.1503438531739738,0.9552249743514584,0.259797851959072,100667.0,294665.0,2444.0,52140.0,0.3420794103788263,0.1530302812549402,0.9753773999706874,0.2645538138930505,100667.0,294665.0,1344.0,53240.0
94.0,0.0294961227849129,0.5647854266129677,0.2037001292401685,0.8893631833504324,0.3314783202458177,205561.0,189771.0,6039.0,48545.0,0.5752207078654682,0.2190847327898737,0.9753773999706874,0.3578017103781986,205561.0,189771.0,1344.0,53240.0
95.0,0.0425837770104411,0.6428911174530357,0.2354264451349989,0.8647039425472666,0.3700909956991692,242048.0,153284.0,7385.0,47199.0,0.6547155469020884,0.2551906434794439,0.962168400996629,0.4033918744023319,242048.0,153284.0,2065.0,52519.0
96.0,0.0614533540606498,0.7937637247841819,0.3499116087212728,0.8158984317748791,0.4897750455022847,312592.0,82740.0,10049.0,44535.0,0.811509259506219,0.3882846982455881,0.962168400996629,0.5532887701943184,312592.0,82740.0,2065.0,52519.0
97.0,0.090866241231561,0.8870967024955769,0.5252322002052157,0.722098050710831,0.6081294791980066,359704.0,35628.0,15169.0,39415.0,0.91622213924377,0.5958115420831112,0.962168400996629,0.7359158136634649,359704.0,35628.0,2065.0,52519.0
98.0,0.1509855201840402,0.9263840361311888,0.6985292757376745,0.6917594899604279,0.695127900661825,379036.0,16296.0,16825.0,37759.0,0.9586967345015514,0.7624247372180835,0.95810127509893,0.8491357964555071,379036.0,16296.0,2287.0,52297.0
99.0,0.2887880259752282,0.943922865601579,0.8225572502307591,0.6856954418877327,0.747916791559259,387258.0,8074.0,17156.0,37428.0,0.9733105735292812,0.8625093658470131,0.9279275978308662,0.8940233699297488,387258.0,8074.0,3934.0,50650.0
99.1,0.3265721215903759,0.9496350429858018,0.8731182795698925,0.6843030924813132,0.767265108253564,389904.0,5428.0,17232.0,37352.0,0.9791916713342046,0.9032062484396732,0.9279275978308662,0.9154000469899332,389904.0,5428.0,3934.0,50650.0
99.2,0.3772119693756104,0.9523955582819904,0.9008460236886632,0.6827641799794811,0.7767888780040437,391230.0,4102.0,17316.0,37268.0,0.9799851527840752,0.9237305468270643,0.910175142899018,0.9169027471462716,391230.0,4102.0,4903.0,49681.0
99.3,0.3986077880561351,0.9530334551338472,0.9077744459884444,0.6821779275978309,0.7789713711912807,391549.0,3783.0,17348.0,37236.0,0.9793339201095316,0.9284227654582607,0.898963066099956,0.913455452548494,391549.0,3783.0,5515.0,49069.0
99.4,0.4412521050572396,0.9538669440517784,0.9170941014006708,0.6813351897992086,0.7818281197443661,391970.0,3362.0,17394.0,37190.0,0.9802696503347292,0.9358776296465832,0.898963066099956,0.9170490118207728,391970.0,3362.0,5515.0,49069.0
99.5,0.4652183344960214,0.9543292525715912,0.922345758673748,0.6808771801260443,0.7834271380088111,392203.0,3129.0,17419.0,37165.0,0.9807875247824038,0.9400551745277596,0.898963066099956,0.9190500271581352,392203.0,3129.0,5515.0,49069.0
99.51,0.468340265718102,0.9545026182665208,0.9242401631597276,0.6807855781914114,0.7840489503112142,392286.0,3046.0,17424.0,37160.0,0.980972003662906,0.9415523361796028,0.898963066099956,0.9197649462506676,392286.0,3046.0,5515.0,49069.0
99.52,0.4719330085754382,0.9545670747428407,0.9249072852627124,0.6807855781914114,0.7842888952206076,392315.0,3017.0,17424.0,37160.0,0.981036460139226,0.9420765656798372,0.898963066099956,0.9200149995312648,392315.0,3017.0,5515.0,49069.0
99.53,0.4777457927614448,0.954673761324336,0.9260560747663552,0.6807489374175583,0.7846772745990348,392365.0,2967.0,17426.0,37158.0,0.9811475919949502,0.9429817818433393,0.898963066099956,0.9204464453198272,392365.0,2967.0,5515.0,49069.0
99.54,0.4849378458082666,0.9547537762604577,0.9270581189329472,0.6806023743221457,0.7849393071827757,392409.0,2923.0,17434.0,37150.0,0.9812453880279874,0.943779812278812,0.898963066099956,0.920826452484612,392409.0,2923.0,5515.0,49069.0
99.55,0.492432812660929,0.9548515722934948,0.9281199250468456,0.6805657335482925,0.7852952678920609,392455.0,2877.0,17436.0,37148.0,0.9813476293352535,0.9446155623147114,0.898963066099956,0.9212240683375575,392455.0,2877.0,5515.0,49069.0
99.56,0.5013154654741279,0.9550027116172796,0.929871560551814,0.6804191704528799,0.7858238561227189,392531.0,2801.0,17444.0,37140.0,0.9801807448501498,0.9453665957986308,0.8879525135570864,0.9157605358374348,392531.0,2801.0,6116.0,48468.0
99.57,0.5100144625365659,0.9551671867637516,0.9317058484080588,0.680327568518247,0.7864169163816562,392610.0,2722.0,17449.0,37135.0,0.9777536251211336,0.94558067934185,0.8664993404660707,0.9043144078085714,392610.0,2722.0,7287.0,47297.0
99.58,0.5222223138570777,0.9554094542092302,0.9344357193194402,0.6801810054228346,0.7872895373001398,392727.0,2605.0,17457.0,37127.0,0.9780136736635284,0.9477976834595808,0.8664993404660707,0.905327029458492,392727.0,2605.0,7287.0,47297.0
99.59,0.5303136337280256,0.955496137056695,0.9355293999042268,0.6800344423274219,0.7875791684790104,392774.0,2558.0,17465.0,37119.0,0.978118137607909,0.9486912044930298,0.8664993404660707,0.9057344478595162,392774.0,2558.0,7287.0,47297.0
99.6,0.5371934030055987,0.9555161407907252,0.9358954960407524,0.679906199618936,0.7876228273095779,392790.0,2542.0,17472.0,37112.0,0.9743974430782636,0.9472055494402792,0.8355378865601641,0.8878743928435848,392790.0,2542.0,8977.0,45607.0
99.61,0.5431294944882252,0.9555850425412744,0.9368482185693005,0.6797229957496702,0.7878369626381561,392831.0,2501.0,17482.0,37102.0,0.9744885711999574,0.9480128045231564,0.8355378865601641,0.8882288785884004,392831.0,2501.0,8977.0,45607.0
99.62,0.5482056881427758,0.9562629468611918,0.9445038712306438,0.6794115491719185,0.7903205182848863,393153.0,2179.0,17499.0,37085.0,0.9789605170742984,0.9559584444983428,0.8664993404660707,0.9090332500480492,393153.0,2179.0,7287.0,47297.0
99.63,0.5552768022775625,0.9551827452235528,0.9448867748940132,0.6696467829400556,0.7838058069219883,393200.0,2132.0,18032.0,36552.0,0.9753087242952018,0.9553404972873332,0.8355378865601641,0.8914320338535813,393200.0,2132.0,8977.0,45607.0
99.64,0.5622749481200903,0.9549115834955858,0.9453360340708424,0.6669170452879964,0.7820865380483821,393227.0,2105.0,18181.0,36403.0,0.9753687354972927,0.9558811200536552,0.8355378865601641,0.8916673183702197,393227.0,2105.0,8977.0,45607.0
99.65,0.5718634654581318,0.9550516096337984,0.9473273101257584,0.6665689579363916,0.7825273413556151,393309.0,2023.0,18200.0,36384.0,0.9749197628001672,0.9572719976344358,0.8303348966730177,0.8892965760816246,393309.0,2023.0,9261.0,45323.0
99.66,0.5848179096579468,0.9551382924812633,0.9485474364992438,0.6663674336801994,0.7828042612719252,393359.0,1973.0,18211.0,36373.0,0.9750308946558912,0.95828399864682,0.8303348966730177,0.8897330192383195,393359.0,1973.0,9261.0,45323.0
99.67,0.6017285447537617,0.9552960997163916,0.950825246527687,0.6659643851678148,0.7833001131282659,393452.0,1880.0,18233.0,36351.0,0.9744218920865227,0.9598599368007515,0.8236113146709658,0.8865312561624926,393452.0,1880.0,9628.0,44956.0
99.68,0.6312415610313136,0.9555028049680384,0.953691063740418,0.6655430162685035,0.7839785920842505,393568.0,1764.0,18256.0,36328.0,0.9738284479769556,0.9619310702030774,0.8165946064780888,0.8833245806125583,393568.0,1764.0,10011.0,44573.0
99.69,0.6626264865755832,0.9556517216547088,0.9559230100845204,0.6651216473691924,0.7844387066106329,393658.0,1674.0,18279.0,36305.0,0.9740284853172592,0.9638030574956212,0.8165946064780888,0.8841130207971755,393658.0,1674.0,10011.0,44573.0
99.7,0.6958277280926445,0.9556650574773958,0.9580038611059688,0.6636560164150667,0.7841163674145264,393744.0,1588.0,18359.0,36225.0,0.9742196321091048,0.9655986655401746,0.8165946064780888,0.8848677353714824,393744.0,1588.0,10011.0,44573.0
99.8,1.2076626770496373,0.9548826892130976,0.9747168452826008,0.6448409790414773,0.7761839131153866,394419.0,913.0,19386.0,35198.0,0.9757199121613812,0.9799278899001892,0.8165946064780888,0.8908364145098431,394419.0,913.0,10011.0,44573.0
99.9,1.7993706235885636,0.954484837169605,0.9841301385419032,0.6350762128096146,0.7719802244788883,394773.0,559.0,19919.0,34665.0,0.9723081641906488,0.9870730522859192,0.7819873955737945,0.872642522003128,394773.0,559.0,11900.0,42684.0
99.91,1.8473922206997848,0.9545115088149788,0.9846031475484348,0.6349846108749817,0.7720580045886887,394790.0,542.0,19924.0,34660.0,0.971770286008944,0.987385668070845,0.7772424153598124,0.8698014371969534,394790.0,542.0,12159.0,42425.0
99.92,1.8958708993911568,0.9537713706558556,0.9854027183126922,0.6282610288729298,0.7673099513341164,394824.0,508.0,20291.0,34293.0,0.9709545781879284,0.9880560519138532,0.769895940202257,0.8654392685036452,394824.0,508.0,12560.0,42024.0
99.93,1.9452909237742224,0.9537935970270006,0.9857418000977376,0.6282243880990767,0.7673853934721554,394836.0,496.0,20293.0,34291.0,0.9709812498333024,0.988334901222954,0.769895940202257,0.8655462184873949,394836.0,496.0,12560.0,42024.0
99.94,1.998138490652996,0.953804710212573,0.9860791532443628,0.6280961453905907,0.7673918882621542,394848.0,484.0,20300.0,34284.0,0.970383360449506,0.9885381391053116,0.7647479114758904,0.8623606821538876,394848.0,484.0,12841.0,41743.0
99.95,2.158966286540033,0.953869166688893,0.9870986321094312,0.6279679026821047,0.7676046087180464,394884.0,448.0,20307.0,34277.0,0.9693942869335608,0.9892591704627188,0.7559358053642093,0.8570004361642469,394884.0,448.0,13322.0,41262.0
99.96,2.5123707129477246,0.954006970189991,0.9895986824997832,0.6274915726220138,0.7680026907337856,394972.0,360.0,20333.0,34251.0,0.9680407009308404,0.9912034208918754,0.7431664956763887,0.8494487430503932,394972.0,360.0,14019.0,40565.0
99.97,3.118272755813545,0.9540780945776544,0.990968825078878,0.6271984464311886,0.7681951285186973,395020.0,312.0,20349.0,34235.0,0.9671627592706196,0.9922837216204184,0.7350505642679174,0.844513671093898,395020.0,312.0,14462.0,40122.0
99.98,4.722744796561799,0.9541314378684022,0.9920568198289608,0.6269419610142166,0.7683292358468325,395058.0,274.0,20363.0,34221.0,0.9635109664915228,0.9929226398036936,0.70425399384435,0.824038842860052,395058.0,274.0,16143.0,38441.0
99.99,9.075223480891696,0.9507152446234408,0.9952022980075784,0.5966400410376668,0.7460255646676135,395175.0,157.0,22017.0,32567.0,0.9616995172432188,0.9958317846333564,0.687179393228785,0.8132032520325202,395175.0,157.0,17075.0,37509.0
100.0,18.428874969473544,0.949001591408174,0.9973590719024116,0.5811776344716401,0.7344052042458127,395248.0,84.0,22861.0,31723.0,0.958285546635372,0.9976656291685192,0.6577018906639308,0.7927744898860525,395248.0,84.0,18684.0,35900.0
Qbest,6.95352029800415,0.9510464175534988,0.9950734422041784,0.5994613806243588,0.7481907462242904,395170.0,162.0,21863.0,32721.0,0.9616884040576464,0.995699609779406,0.687179393228785,0.8131591783643163,395170.0,162.0,17075.0,37509.0
