,tau,Accuracy,Precision,Recall,F1,tn,fp,fn,tp,Accuracy_PA,Precision_PA,Recall_PA,F1_PA,tn_PA,fp_PA,fn_PA,tp_PA
90.0,0.0128100789152086,0.8537838174236969,0.4513207415970586,0.9512677707753188,0.6121922031680157,332207.0,63125.0,2660.0,51924.0,0.8567088078663573,0.4575258883684956,0.9753773999706874,0.6228758284634599,332207.0,63125.0,1344.0,53240.0
91.0,0.014810760775581,0.8686043617030734,0.4787850423550334,0.9371061116810788,0.6337667808622282,339648.0,55684.0,3433.0,51151.0,0.8729785115443772,0.4882126411955553,0.9731606331525722,0.6502230899643179,339648.0,55684.0,1465.0,53119.0
92.0,0.0174801521748304,0.8844606548777995,0.5131364963282458,0.930675655869852,0.6615315497157889,347133.0,48199.0,3784.0,50800.0,0.8896149503462869,0.5242799897352889,0.9731606331525722,0.6814409051840259,347133.0,48199.0,1465.0,53119.0
93.0,0.0217355258576571,0.9012993536571272,0.5560290247635407,0.9251428990180272,0.6945936466235222,355011.0,40321.0,4086.0,50498.0,0.9071248855341886,0.568482448630137,0.9731606331525722,0.7177079392530942,355011.0,40321.0,1465.0,53119.0
94.0,0.0294961227849129,0.9152886316556867,0.6007092632222562,0.899952366993991,0.7204951635022256,362680.0,32652.0,5461.0,49123.0,0.9241702895651632,0.6193118886336874,0.9731606331525722,0.756923515371736,362680.0,32652.0,1465.0,53119.0
95.0,0.0425837770104411,0.9237679922474418,0.6382181401940478,0.8580353217059944,0.731979869967492,368783.0,26549.0,7749.0,46835.0,0.936132522515314,0.6637110973184541,0.9599516341785138,0.7848065243276843,368783.0,26549.0,2186.0,52398.0
96.0,0.0614533540606498,0.9307026200446306,0.6758844570020139,0.823904440861791,0.7425901157510609,373766.0,21566.0,9612.0,44972.0,0.9472079232567856,0.7084257206208425,0.9599516341785138,0.8152285527585026,373766.0,21566.0,2186.0,52398.0
97.0,0.090866241231561,0.9358191306821718,0.7189181824374957,0.7733401729444526,0.74513680494263,378828.0,16504.0,12372.0,42212.0,0.9584589123303016,0.7604713941540159,0.9599516341785138,0.8486468101647151,378828.0,16504.0,2186.0,52398.0
98.0,0.1509855201840402,0.9469901048195664,0.8045261781142246,0.7437710684449655,0.7729566094853682,385468.0,9864.0,13986.0,40598.0,0.9723792885783124,0.8406075785731599,0.9530448483071964,0.8933020803819042,385468.0,9864.0,2563.0,52021.0
99.0,0.2887880259752282,0.9544581655242312,0.9020518867924529,0.700699838780595,0.7887280376144519,391179.0,4153.0,16337.0,38247.0,0.9820255336551712,0.9242194770359288,0.9279275978308662,0.9260698254820042,391179.0,4153.0,3934.0,50650.0
99.1,0.3265721215903759,0.9554116768463446,0.9149099824531884,0.6973288875861058,0.7914375123457431,391792.0,3540.0,16521.0,38063.0,0.9833880102063496,0.9346742941502122,0.9279275978308662,0.9312887270855168,391792.0,3540.0,3934.0,50650.0
99.2,0.3772119693756104,0.9562851732323367,0.9278711827851576,0.6935915286530852,0.793806218941983,392389.0,2943.0,16725.0,37859.0,0.9825611891997618,0.944074946792338,0.910175142899018,0.9268151630475336,392389.0,2943.0,4903.0,49681.0
99.3,0.3986077880561351,0.9566052329768224,0.9326258637709772,0.6923274219551517,0.7947089502018843,392602.0,2730.0,16794.0,37790.0,0.9830346109051468,0.947911697926008,0.910175142899018,0.9286602177671852,392602.0,2730.0,4903.0,49681.0
99.4,0.4412521050572396,0.95698085864917,0.9399775196702884,0.6894328008207533,0.7954427757638529,392929.0,2403.0,16952.0,37632.0,0.9837614132415828,0.9538629905537208,0.910175142899018,0.9315071061611728,392929.0,2403.0,4903.0,49681.0
99.5,0.4652183344960214,0.9571675601667868,0.9434189708430648,0.6882236552835996,0.7958645382032351,393079.0,2253.0,17018.0,37566.0,0.9840948088087554,0.9566180151731044,0.910175142899018,0.9328188662948984,393079.0,2253.0,4903.0,49681.0
99.51,0.468340265718102,0.9571964544492748,0.9439055038954512,0.688077092188187,0.7959395596244727,393100.0,2232.0,17026.0,37558.0,0.9841414841881596,0.9570049891164064,0.910175142899018,0.933002807590824,393100.0,2232.0,4903.0,49681.0
99.52,0.4719330085754382,0.9572253487317632,0.9445269063372664,0.687820606771215,0.7959886784052241,393127.0,2205.0,17040.0,37544.0,0.9842014953902506,0.9575029873183518,0.910175142899018,0.933239410162487,393127.0,2205.0,4903.0,49681.0
99.53,0.4777457927614448,0.9572786920225108,0.9453666154504924,0.6876007621280962,0.7961393646921567,393163.0,2169.0,17052.0,37532.0,0.984281510326372,0.9581677917068466,0.910175142899018,0.9335550669898716,393163.0,2169.0,4903.0,49681.0
99.54,0.4849378458082666,0.9573186994905716,0.9463127885561472,0.687179393228785,0.7961919317349636,393204.0,2128.0,17075.0,37509.0,0.984372638448066,0.958926055318574,0.910175142899018,0.933914825223464,393204.0,2128.0,4903.0,49681.0
99.55,0.492432812660929,0.9573542616844032,0.94725935659953,0.6867213835556207,0.7962190005841432,393245.0,2087.0,17100.0,37484.0,0.9844637665697596,0.9596855200123628,0.910175142899018,0.9342748608394764,393245.0,2087.0,4903.0,49681.0
99.56,0.5013154654741279,0.9574098276122656,0.9483570452129008,0.6863183350432361,0.7963352677337755,393292.0,2040.0,17122.0,37462.0,0.98196552245308,0.9596439169139466,0.8887219698080023,0.9228223029657387,393292.0,2040.0,6074.0,48510.0
99.57,0.5100144625365659,0.9574698388143564,0.9494611385824776,0.6859519273047047,0.796477307778215,393339.0,1993.0,17142.0,37442.0,0.9807097324833968,0.960052915355475,0.8775098930089403,0.9169274946159368,393339.0,1993.0,6686.0,47898.0
99.58,0.5222223138570777,0.9575431858391344,0.951103539462978,0.6852740729884215,0.7965968140386745,393409.0,1923.0,17179.0,37405.0,0.979529512175606,0.960930516050386,0.8664993404660707,0.9112750953720472,393409.0,1923.0,7287.0,47297.0
99.59,0.5303136337280256,0.9576120875896834,0.9522451162672236,0.6849626264106697,0.7967862584845546,393457.0,1875.0,17196.0,37388.0,0.9796361987571012,0.9618685430732936,0.8664993404660707,0.9116966729634912,393457.0,1875.0,7287.0,47297.0
99.6,0.5371934030055987,0.9576387592350571,0.9528131134167792,0.6847427817675509,0.7968361919177922,393481.0,1851.0,17208.0,37376.0,0.979689542047849,0.9623382436721738,0.8664993404660707,0.9119076080669416,393481.0,1851.0,7287.0,47297.0
99.61,0.5431294944882252,0.9576765440660034,0.9535269497754184,0.6845046167375055,0.7969243238631517,393511.0,1821.0,17221.0,37363.0,0.97912499222077,0.9627104066838678,0.8612963505789242,0.9091840878763852,393511.0,1821.0,7571.0,47013.0
99.62,0.5482056881427758,0.9576632082433164,0.953983340998518,0.6840282866774147,0.7967606325089094,393531.0,1801.0,17247.0,37337.0,0.9791694449630598,0.9631048469701315,0.8612963505789242,0.9093599489351826,393531.0,1801.0,7571.0,47013.0
99.63,0.5552768022775625,0.9575476311133634,0.954689902614044,0.682471053788656,0.7959488910730311,393564.0,1768.0,17332.0,37252.0,0.9792427919878376,0.9637563805580042,0.8612963505789242,0.9096502684661152,393564.0,1768.0,7571.0,47013.0
99.64,0.5622749481200903,0.9573120315792282,0.95543254376931,0.6798512384581562,0.79442113375578,393601.0,1731.0,17475.0,37109.0,0.9793250295610736,0.9644879369768586,0.8612963505789242,0.9099759987612264,393601.0,1731.0,7571.0,47013.0
99.65,0.5718634654581318,0.9570853225935508,0.9566117841979912,0.6769749377106844,0.7928592885036261,393656.0,1676.0,17632.0,36952.0,0.9794472746023702,0.9655774404896384,0.8612963505789242,0.9104606237835638,393656.0,1676.0,7571.0,47013.0
99.66,0.5848179096579468,0.9567341459294624,0.9571703811705896,0.6735123845815624,0.790670165175499,393687.0,1645.0,17821.0,36763.0,0.9795161763529192,0.9661926096428132,0.8612963505789242,0.9107340036031848,393687.0,1645.0,7571.0,47013.0
99.67,0.6017285447537617,0.9564585389272664,0.9585888766577554,0.6700498314524402,0.7887597317173111,393752.0,1580.0,18010.0,36574.0,0.9796606477653608,0.9674850287078386,0.8612963505789242,0.911307752696822,393752.0,1580.0,7571.0,47013.0
99.68,0.6312415610313136,0.956442980467465,0.9603916098639368,0.6685475597244613,0.78832589840248,393827.0,1505.0,18092.0,36492.0,0.9752198188106224,0.9675960813865864,0.8233181884801407,0.8896455473180968,393827.0,1505.0,9644.0,44940.0
99.69,0.6626264865755832,0.956438535193236,0.9618969660162128,0.6673750549611608,0.7880157914661186,393889.0,1443.0,18156.0,36428.0,0.9753576223117204,0.9688894638121726,0.8233181884801407,0.8901918448602018,393889.0,1443.0,9644.0,44940.0
99.7,0.6958277280926445,0.956494101121098,0.9638560602045684,0.6663857540671259,0.7879811962479149,393968.0,1364.0,18210.0,36374.0,0.9755332106437646,0.9705425017277124,0.8233181884801407,0.8908889065101895,393968.0,1364.0,9644.0,44940.0
99.8,1.2076626770496373,0.9554072315721156,0.9783819738920762,0.6467279788949143,0.7787128439861027,394552.0,780.0,19283.0,35301.0,0.9760155228976076,0.9828015787268758,0.8165946064780888,0.8920219738435214,394552.0,780.0,10011.0,44573.0
99.9,1.7993706235885636,0.954824900648121,0.9876448316110116,0.6355891836435585,0.77343915461872,394898.0,434.0,19891.0,34693.0,0.9725037562567236,0.9899259534365498,0.7813095412575114,0.8733323094250756,394898.0,434.0,11937.0,42647.0
100.0,18.428874969482425,0.8786729078316842,0.4634146341463415,0.0003480873516048,0.000695652173913,395310.0,22.0,54565.0,19.0,0.8802331990860516,0.9703903095558546,0.0132089989740583,0.0260632241039637,395310.0,22.0,53863.0,721.0
Qbest,6.95352029800415,0.9526622747357284,0.9942975942975943,0.6133299135277737,0.7586738278151699,395140.0,192.0,21106.0,33478.0,0.9626508059282176,0.9949690808091396,0.6956617323757878,0.8188208910165179,395140.0,192.0,16612.0,37972.0
