,tau,Accuracy,Precision,Recall,F1,tn,fp,fn,tp,Accuracy_PA,Precision_PA,Recall_PA,F1_PA,tn_PA,fp_PA,fn_PA,tp_PA
90.0,0.0128100789152086,0.2326285398038313,0.1332976729047185,0.9678660413307928,0.2343235421310003,51834.0,343501.0,1754.0,52830.0,0.2365270193079198,0.1371164449803434,1.0,0.2411651780881836,51834.0,343501.0,0.0,54584.0
90.1,0.0129881059350445,0.2377605746812204,0.1339394524109355,0.9664920123113,0.2352739176195657,54218.0,341117.0,1829.0,52755.0,0.2418257508573765,0.1379425374209314,1.0,0.2424420089498872,54218.0,341117.0,0.0,54584.0
90.2,0.0131641010474413,0.2429015000477863,0.1345682639855896,0.9648981386486882,0.2361957893934331,56618.0,338717.0,1916.0,52668.0,0.247160044363541,0.1387842898950168,1.0,0.2437411389084251,56618.0,338717.0,0.0,54584.0
90.3,0.0133501314027235,0.248313585334249,0.1351874909959044,0.9627180126044262,0.2370831227892875,59172.0,336163.0,2035.0,52549.0,0.2528366217030176,0.1396914115783358,1.0,0.2451390089618733,59172.0,336163.0,0.0,54584.0
90.4,0.0135439487546682,0.2536034263945288,0.1356808265884572,0.9594203429576432,0.2377404915606643,61732.0,333603.0,2215.0,52369.0,0.2585265347762597,0.1406126428757274,1.0,0.2465563462828414,61732.0,333603.0,0.0,54584.0
90.5,0.0137415372487157,0.2590332926593453,0.1360250247401307,0.9544005569397626,0.2381131946110863,64449.0,330886.0,2489.0,52095.0,0.2645653995496967,0.1416037564531611,1.0,0.2480786448935812,64449.0,330886.0,0.0,54584.0
90.6,0.0139496390335261,0.264360918298627,0.1360938487465768,0.9468525575260148,0.2379818761166264,67258.0,328077.0,2901.0,51683.0,0.2708087455742033,0.1426432272951777,1.0,0.2496723804731901,67258.0,328077.0,0.0,54584.0
90.7,0.0141594856465235,0.2695840806900798,0.1359206274976617,0.9371610728418583,0.2374088031633467,70137.0,325198.0,3430.0,51154.0,0.2772076751593064,0.1437245577726169,1.0,0.2513272217438749,70137.0,325198.0,0.0,54584.0
90.8,0.0143796475455165,0.2741537921270273,0.1351642101761483,0.9230360545214716,0.235799297043558,72964.0,322371.0,4201.0,50383.0,0.2834910283851093,0.1448024299982756,1.0,0.2529736593911558,72964.0,322371.0,0.0,54584.0
90.9,0.0145980219626799,0.2780678299871755,0.1338754650617688,0.9051187161072842,0.2332509483713035,75703.0,319632.0,5179.0,49405.0,0.2895787908490195,0.1458622827457938,1.0,0.2545895522388059,75703.0,319632.0,0.0,54584.0
91.0,0.014810760775581,0.2812928549361107,0.1320717524147447,0.8837754653378279,0.2298018292682927,78319.0,317016.0,6344.0,48240.0,0.2953931707707387,0.1468891280947255,1.0,0.2561522722579918,78319.0,317016.0,0.0,54584.0
91.1,0.0150391451139003,0.2839777826675468,0.1293476514232203,0.8553239044408618,0.2247127736892517,81080.0,314255.0,7897.0,46687.0,0.3015298309251221,0.1479886888317124,1.0,0.2578225556948961,81080.0,314255.0,0.0,54584.0
91.2,0.0152847467958927,0.286238189540784,0.1260518348713948,0.8230433826762421,0.218621117559035,83859.0,311476.0,9659.0,44925.0,0.3077064982808016,0.1491121674042506,1.0,0.2595258698566959,83859.0,311476.0,0.0,54584.0
91.3,0.0155342989228665,0.2883563485871901,0.1225091957224966,0.7895720357613952,0.212107938914016,86639.0,308696.0,11486.0,43098.0,0.3138853882587755,0.1502532481832195,1.0,0.261252464916815,86639.0,308696.0,0.0,54584.0
91.4,0.0157681550495326,0.2906634305286062,0.1195264502174463,0.7613219991206214,0.2066146931307426,89219.0,306116.0,13028.0,41556.0,0.3196197537779022,0.1513279733850845,1.0,0.2628755261459627,89219.0,306116.0,0.0,54584.0
91.5,0.0160270617809146,0.2932083330555055,0.1166535205036484,0.7342627876300748,0.2013225938511692,91841.0,303494.0,14505.0,40079.0,0.3254474694333868,0.1524360614167862,1.0,0.2645458026181232,91841.0,303494.0,0.0,54584.0
91.6,0.0162852223142981,0.2961177456386594,0.1141891533846362,0.7106111681078704,0.1967605626658144,94441.0,300894.0,15796.0,38788.0,0.3312262873983984,0.1535509933104158,1.0,0.2662231564982856,94441.0,300894.0,0.0,54584.0
91.7,0.0165485658831894,0.299667273442553,0.1122766388745843,0.6910266744833651,0.1931677638907026,97107.0,298228.0,16865.0,37719.0,0.3371517984348294,0.1547112909991723,1.0,0.267965321210812,97107.0,298228.0,0.0,54584.0
91.8,0.0168506893552839,0.3040569524736675,0.1106697106233284,0.673182617616884,0.1900891859454538,100056.0,295279.0,17839.0,36745.0,0.3437063115805289,0.1560153545816505,1.0,0.2699191735876394,100056.0,295279.0,0.0,54584.0
91.9,0.01714868789725,0.3084021790588973,0.1093510677494891,0.6579034149201232,0.1875321487786727,102845.0,292490.0,18673.0,35911.0,0.3499052051591508,0.1572690550142044,1.0,0.2717934162894801,102845.0,292490.0,0.0,54584.0
92.0,0.0174801521748304,0.3137942607447118,0.1083385985729916,0.6439799208559285,0.1854743179461744,106031.0,289304.0,19433.0,35151.0,0.3569864797885841,0.1587260968687479,1.0,0.2739665522295167,106031.0,289304.0,0.0,54584.0
92.1,0.0178024525754153,0.3186884750366177,0.1073462352453472,0.6309541257511359,0.1834769521729286,108944.0,286391.0,20144.0,34440.0,0.3634609785316912,0.1600821174572916,1.0,0.2759841136214825,108944.0,286391.0,0.0,54584.0
92.2,0.0181170992515981,0.3230848219346149,0.1061941326040311,0.617470320973179,0.1812213514712405,111658.0,283677.0,20880.0,33704.0,0.3694931754382455,0.1613665187532704,1.0,0.2778907711692907,111658.0,283677.0,0.0,54584.0
92.3,0.0184865810535848,0.328047937517642,0.1044943389720109,0.5995713029459182,0.1779714936728134,114868.0,280467.0,21857.0,32727.0,0.3766277930027405,0.1629125118265577,1.0,0.2801801686193488,114868.0,280467.0,0.0,54584.0
92.4,0.0188660932481289,0.3328465790508958,0.1022348486075522,0.5781914114026088,0.1737478838928114,118194.0,277141.0,23024.0,31560.0,0.3840202347533667,0.1645459341321878,1.0,0.2825924324828052,118194.0,277141.0,0.0,54584.0
92.5,0.0192683914210647,0.3371140138558274,0.0992562769110328,0.5528176755093067,0.1682957096445851,121499.0,273836.0,24409.0,30175.0,0.391366001435814,0.1662018147494062,1.0,0.2850309657340393,121499.0,273836.0,0.0,54584.0
92.6,0.0197075085453689,0.3420504579713237,0.0959866399823294,0.5254470174410083,0.1623210879887714,125214.0,270121.0,25903.0,28681.0,0.3996230432588977,0.1681033553533207,1.0,0.2878227420252103,125214.0,270121.0,0.0,54584.0
92.7,0.0201647081933915,0.3467424136344542,0.0924858247203255,0.4975450681518393,0.1559778191936915,128848.0,266487.0,27426.0,27158.0,0.4077000526761484,0.1700060111314942,1.0,0.2906070729791963,128848.0,266487.0,0.0,54584.0
92.8,0.0206146458387374,0.3520855976297956,0.0898467930407686,0.4754140407445405,0.15113174086876,132460.0,262875.0,28634.0,25950.0,0.4157281644029258,0.1719403135523012,1.0,0.2934284477869494,132460.0,262875.0,0.0,54584.0
92.9,0.0211670082565397,0.3591224198133442,0.087858923590664,0.4564707606624651,0.1473556590522658,136660.0,258675.0,29668.0,24916.0,0.4250631780387136,0.1742455923054086,1.0,0.2967787887767335,136660.0,258675.0,0.0,54584.0
93.0,0.0217355258576571,0.3668504775303999,0.0870892086124539,0.4449105965117983,0.1456651351383774,140768.0,254567.0,30299.0,24285.0,0.4325911997492882,0.1746360600460396,0.9867910010259416,0.2967543951472946,140768.0,254567.0,721.0,53863.0
94.0,0.0294961227849129,0.4628944321088907,0.095769047927741,0.405979774292833,0.1549791239763055,186105.0,209230.0,32424.0,22160.0,0.532840355708472,0.2040249562504755,0.9825223508720504,0.3378863673592823,186105.0,209230.0,954.0,53630.0
95.0,0.0425837770104411,0.6129858930162985,0.1244651642047989,0.3629268650153891,0.1853610610774521,255984.0,139351.0,34774.0,19810.0,0.68788604170973,0.2774499637042414,0.9803055840539352,0.4324938167827872,255984.0,139351.0,1075.0,53509.0
96.0,0.0614533540606498,0.7350967618615796,0.1755446847407913,0.3201670819287703,0.2267593115215684,313258.0,82077.0,37108.0,17476.0,0.8143176882950042,0.3929036362022545,0.9731606331525722,0.559795552745284,313258.0,82077.0,1465.0,53119.0
97.0,0.090866241231561,0.8212789413205488,0.2654484687761107,0.2677341345449215,0.2665864025246721,354895.0,40440.0,39970.0,14614.0,0.9068610127600746,0.5677593817804808,0.9731606331525722,0.7171314203168561,354895.0,40440.0,1465.0,53119.0
98.0,0.1509855201840402,0.856465274860586,0.344027964170906,0.2019456250916019,0.2544992784992785,374317.0,21018.0,43561.0,11023.0,0.9498042981069926,0.7161110810956832,0.9713102740729884,0.8244129995335097,374317.0,21018.0,1566.0,53018.0
99.0,0.2887880259752334,0.8710790164451824,0.4148745519713261,0.1526821046460501,0.2232161988429397,383581.0,11754.0,46250.0,8334.0,0.968823277078763,0.8165300866307657,0.958357760515902,0.881777343256159,383581.0,11754.0,2273.0,52311.0
100.0,18.428874969482425,0.8777046535042975,0.0,0.0,0.0,394896.0,439.0,54584.0,0.0,0.8777046535042975,0.0,0.0,0.0,394896.0,439.0,54584.0,0.0
Qbest,6.95352029800415,0.877586854522703,0.3483353884093711,0.0103510186135131,0.0201046151656406,394278.0,1057.0,54019.0,565.0,0.9596994125609276,0.9725924389358502,0.687179393228785,0.8053462157809984,394278.0,1057.0,17075.0,37509.0
