,tau,Accuracy,Precision,Recall,F1,tn,fp,fn,tp,Accuracy_PA,Precision_PA,Recall_PA,F1_PA,tn_PA,fp_PA,fn_PA,tp_PA
Q90.000,0.0729708671569824,0.8107729611175732,0.1434534270650263,0.4581537536333567,0.2184938218493821,135533,27293,5406,4571,0.819354988049976,0.1815455663178097,0.6067956299488825,0.2794755793555535,135533,27293,3923,6054
Q91.000,0.0803600944578648,0.8289323680723135,0.1570467918184365,0.4494336975042598,0.2327597394170624,138758,24068,5493,4484,0.8380178584862531,0.2009826704734081,0.6067956299488825,0.3019526671488067,138758,24068,3923,6054
Q92.000,0.0902358442544937,0.8469644624225274,0.1742622042883139,0.4415154856169189,0.2498936321089207,141953,20873,5572,4405,0.8565071208254487,0.2248300961859843,0.6067956299488825,0.3280945154996749,141953,20873,3923,6054
Q93.000,0.103907322883606,0.8667789332361128,0.1995023958717287,0.433998195850456,0.2733499573877087,145452,17374,5647,4330,0.8767556118817381,0.2584087416766262,0.6067956299488825,0.3624607094746295,145452,17374,3923,6054
Q94.000,0.1240290224552154,0.8872241801357615,0.233510787335388,0.4176606194246767,0.2995471209833945,149148,13678,5810,4167,0.8981441294421972,0.3068112710318265,0.6067956299488825,0.4075532666868626,149148,13678,3923,6054
Q95.000,0.1536735966801643,0.9037690317876426,0.2655104342921602,0.3774681768066553,0.3117420636563056,152408,10418,6211,3766,0.917009542658403,0.3675327829043225,0.6067956299488825,0.4577866838065711,152408,10418,3923,6054
Q96.000,0.1969951599836349,0.913849875291517,0.2835478751542937,0.3223413851859276,0.3017027065059336,154700,8126,6761,3216,0.9302732012754408,0.4269393511988716,0.6067956299488825,0.5012211781264231,154700,8126,3923,6054
Q97.000,0.2583243042230607,0.923120547675677,0.313570784490532,0.2788413350706625,0.2951880736378587,156736,6090,7195,2782,0.9420554041307152,0.4985177865612648,0.6067956299488825,0.5473531937977488,156736,6090,3923,6054
Q98.000,0.3750189244747173,0.9323102029478656,0.3691019786910198,0.2430590357822993,0.2931044902399226,158681,4145,7552,2425,0.9533109957581756,0.5935876066281008,0.6067956299488825,0.6001189532117368,158681,4145,3923,6054
Q99.000,0.6537597477436075,0.9381955174389334,0.4174688894106598,0.1782098827302796,0.2497892666479348,160345,2481,8199,1778,0.9629404582096376,0.7093145869947276,0.6067956299488825,0.6540622299049266,160345,2481,3923,6054
Q99.100,0.7029751884937283,0.9388841628906904,0.4274353876739563,0.1723965119775483,0.2456967359474323,160522,2304,8257,1720,0.9639647459824192,0.7243359655419956,0.6067956299488825,0.6603763294245979,160522,2304,3923,6054
Q99.200,0.7672764587402343,0.9397116948201132,0.441527446300716,0.1668838328154755,0.2422170497526913,160720,2106,8312,1665,0.9651105594231582,0.7419117647058824,0.6067956299488825,0.6675855985003032,160720,2106,3923,6054
Q99.300,0.8363179117441185,0.9402788146039132,0.4512922465208747,0.1592663125187932,0.2354422877463328,160894,1932,8388,1589,0.9661174863862316,0.758076634109692,0.6067956299488825,0.6740522184490342,160894,1932,3923,6054
Q99.400,0.9279615771770436,0.9408112127682968,0.4613251155624037,0.1500451037385987,0.2264407805173196,161078,1748,8480,1497,0.9671822827149992,0.7759548833632401,0.6067956299488825,0.6810281793126722,161078,1748,3923,6054
Q99.500,1.0516530752182076,0.9412857415669866,0.4710715508387538,0.1379172095820386,0.2133664133974259,161281,1545,8601,1376,0.9683570308385848,0.7966837741808133,0.6067956299488825,0.688893946290396,161281,1545,3923,6054
Q99.600,1.2076574707031245,0.9415635145223172,0.4762465645857872,0.1215796331562594,0.1937080804854679,161492,1334,8764,1213,0.969578074454726,0.8194369247428263,0.6067956299488825,0.6972646127267492,161492,1334,3923,6054
Q99.700,1.446813035011298,0.9417139748731214,0.4776049033474776,0.1015335271123584,0.16746569680939,161718,1108,8964,1013,0.9708859221194076,0.8452946104440101,0.6067956299488825,0.7064589532644846,161718,1108,3923,6054
Q99.800,1.886606822013848,0.9431549220788992,0.5420765027322404,0.0994286859777488,0.1680359109003134,161988,838,8985,992,0.9637622032024908,0.844555741049898,0.4563496040894056,0.592529932326913,161988,838,5424,4553
Q99.900,2.7529450345040143,0.9446768863966482,0.6351263771872975,0.0982259196151147,0.1701388888888889,162263,563,8997,980,0.961933531246564,0.8755801104972376,0.3971133607296782,0.5464073920838505,162263,563,6015,3962
Q100.000,264.7657775878906,0.942124847369548,0.0,0.0,0.0,162802,24,9977,0,0.942124847369548,0.0,0.0,0.0,162802,24,9977,0
Q_off_f1_best,0.140673279762268,0.8974091884978849,0.2520949273971726,0.3950085195950686,0.3077704021866458,151134,11692,6036,3941,0.9096369854690024,0.3411473008001803,0.6067956299488825,0.4367492695595714,151134,11692,3923,6054
