,tau,Accuracy,Precision,Recall,F1,ROC_AUC,tn,fp,fn,tp,Accuracy_PA,Precision_PA,Recall_PA,F1_PA,tn_PA,fp_PA,fn_PA,tp_PA
Q90.000,0.0729708671569824,0.2969045676290342,0.0662050723510191,0.8529618121679864,0.1228730047575387,0.550337728121516,42796,120030,1467,8510,0.3053940035763268,0.0767420215834532,1.0,0.1425448622699737,42796,120030,0,9977
Q91.000,0.0803600944578648,0.3178243433273728,0.0674768917499739,0.8436403728575724,0.1249591733721309,0.5506768348698821,46504,116322,1560,8417,0.3268519643756185,0.0789950830964615,1.0,0.1464234347940943,46504,116322,0,9977
Q92.000,0.0902358442544937,0.3401792792949196,0.068955802661452,0.8341184724867194,0.1273811254907663,0.5510604167384598,50462,112364,1655,8322,0.3497566593172572,0.0815507475008378,1.0,0.1508033676446137,50462,112364,0,9977
Q93.000,0.103907322883606,0.3629335138857543,0.0704908186030547,0.8233938057532324,0.1298639708497672,0.5511865999375978,54501,108325,1762,8215,0.3731300961210164,0.0843350070159422,1.0,0.1555515711846833,54501,108325,0,9977
Q94.000,0.1240290224552154,0.3893393054518729,0.0717109686673539,0.8017440112258194,0.1316469445861654,0.551942614501014,59280,103546,1978,7999,0.4007858659861229,0.0878852743496912,1.0,0.1615708502024291,59280,103546,0,9977
Q95.000,0.1536735966801643,0.4107104622026238,0.0702696633418792,0.7527312819484815,0.128539764315239,0.5527126686393014,63462,99364,2467,7510,0.4249868347193046,0.0912466503873204,1.0,0.1672337786419484,63462,99364,0,9977
Q96.000,0.1969951599836349,0.4302124384414622,0.0680082801179526,0.6981056429788514,0.1239423085478374,0.5552952816006065,67377,95449,3012,6965,0.4476426913884597,0.0946350995010718,1.0,0.1729071167993899,67377,95449,0,9977
Q97.000,0.2583243042230607,0.4524400618044825,0.0669947513275151,0.6563095118773178,0.1215789669129934,0.5593341495039021,71635,91191,3429,6548,0.4722834673009149,0.0986181401233591,1.0,0.1795312429708938,71635,91191,0,9977
Q98.000,0.3750189244747173,0.5042736526564933,0.0673602377958157,0.5905582840533227,0.1209272732870175,0.5718057644013065,81248,81578,4085,5892,0.5279132885424442,0.1089727486210474,1.0,0.1965291730685892,81248,81578,0,9977
Q99.000,0.6537597477436075,0.6336811282211535,0.0753106084740363,0.473889946877819,0.1299668760394189,0.5987647847526618,104774,58052,5249,4728,0.6640567582738726,0.1466580428934719,1.0,0.255800835833141,104774,58052,0,9977
Q99.100,0.7029751884937283,0.6440686793632056,0.0752147461790843,0.4572516788613812,0.1291802350276086,0.6000946247340349,106735,56091,5415,4562,0.675404940886443,0.1510110794938548,1.0,0.2623972647774344,106735,56091,0,9977
Q99.200,0.7672764587402343,0.6566957749576107,0.0756702839355426,0.4410143329658214,0.1291762080911279,0.5978639337305425,109079,53747,5577,4400,0.6889695202050891,0.1565658150775218,1.0,0.270742595080121,109079,53747,0,9977
Q99.300,0.8363179117441185,0.6752255458527919,0.0763170942211286,0.4165580835922622,0.1290002172765931,0.6009095174856378,112525,50301,5821,4156,0.708911303623201,0.1655164404923852,1.0,0.2840224895025265,112525,50301,0,9977
Q99.400,0.9279615771770436,0.6874128342679235,0.0789206968427896,0.4136513982158966,0.1325517905893688,0.602826663216004,114660,48166,5850,4127,0.7212664131988449,0.1715941729872899,1.0,0.2929242513211978,114660,48166,0,9977
Q99.500,1.0516530752182076,0.6983038488915123,0.0795819454694138,0.3999198155758244,0.1327477792194829,0.6037412411042788,116679,46147,5987,3990,0.7329502381324399,0.1777670871641365,1.0,0.3018713786478268,116679,46147,0,9977
Q99.600,1.2076574707031245,0.7174181003802017,0.0769197264689228,0.3540142327352911,0.1263798193040522,0.6054110050009868,120440,42386,6445,3532,0.7547149065699091,0.1905353016442908,1.0,0.3200834135386589,120440,42386,0,9977
Q99.700,1.446813035011298,0.7463932917831287,0.0813812551017884,0.329758444422171,0.1305451948258074,0.6100363596396015,125689,37137,6687,3290,0.7850905366226281,0.2117629579318249,1.0,0.3495121823054422,125689,37137,0,9977
Q99.800,1.886606822013848,0.7549984664618091,0.0830541668814101,0.3230429988974642,0.1321361949859582,0.609918264700642,127243,35583,6754,3223,0.7940834360514575,0.2189859525899912,1.0,0.3592920035291787,127243,35583,0,9977
Q99.900,2.7529450345040143,0.8004837878972009,0.1047877145438121,0.3255487621529518,0.1585434310399531,0.6290962187125435,135078,27748,6729,3248,0.8223931297489048,0.2022310390431832,0.7050215495639972,0.3143055028039053,135078,27748,2943,7034
Q100.000,264.7657775878906,0.906621991516351,0.070442181615288,0.0506164177608499,0.0589058672576694,0.6460582030377582,156162,6664,9472,505,0.9070617986956244,0.0801932367149758,0.0582339380575323,0.0674718383463012,156162,6664,9396,581
Q_off_f1_best,0.140673279762268,0.4028170807219782,0.0708748411806949,0.7715746216297484,0.1298243542933275,0.5521126701789609,61910,100916,2279,7698,0.416005509163614,0.0899696103451074,1.0,0.1650864565235376,61910,100916,0,9977
