,tau,Accuracy,Precision,Recall,F1,ROC_AUC,tn,fp,fn,tp,Accuracy_PA,Precision_PA,Recall_PA,F1_PA,tn_PA,fp_PA,fn_PA,tp_PA
Q90.000,0.0729708671569824,0.2603889978761943,0.0637864652746927,0.8634860178410344,0.118797272420141,,36381,126445,1362,8615,0.2682708054837011,0.0731333655861957,1.0,0.1362987452100082,36381,126445,0,9977
Q91.000,0.0803600944578648,0.2844047846391556,0.0652173913043478,0.8545655006514985,0.1211862780632369,,40620,122206,1451,8526,0.2928016296013379,0.0754786924188435,1.0,0.1403629712999437,40620,122206,0,9977
Q92.000,0.0902358442544937,0.3109841843023558,0.0669672983637273,0.8454445224015235,0.1241043447555431,,45304,117522,1542,8435,0.3199076404923525,0.07825159413015,1.0,0.1451453344583781,45304,117522,0,9977
Q93.000,0.103907322883606,0.3396989635596604,0.0686369549186779,0.8303097123383782,0.1267926838601056,,50417,112409,1693,8284,0.3494962471716347,0.0815207621786805,1.0,0.1507520983960774,50417,112409,0,9977
Q94.000,0.1240290224552154,0.369293357175512,0.070014678675966,0.8079583040994287,0.1288626009111981,,55754,107072,1916,8061,0.3803811276424599,0.0852378063887773,1.0,0.1570859509076881,55754,107072,0,9977
Q95.000,0.1536735966801643,0.3974294427758777,0.0702175639773214,0.7708730079182119,0.1287110486327275,,60986,101840,2286,7691,0.4106583797734993,0.089226146292603,1.0,0.1638340148118954,60986,101840,0,9977
Q96.000,0.1969951599836349,0.4177473770709999,0.0678471983827287,0.7131402225117771,0.1239061343550002,,65073,97753,2862,7115,0.4343095895325891,0.0926111575234382,1.0,0.1695226282209214,65073,97753,0,9977
Q97.000,0.2583243042230607,0.433487844539736,0.0657255196396111,0.6668337175503658,0.1196571973273621,,68255,94571,3324,6653,0.4527236216963826,0.0954298504036423,1.0,0.1742327002837808,68255,94571,0,9977
Q98.000,0.3750189244747173,0.4579029299259851,0.0648790276463677,0.6254385085697103,0.1175628320584799,,72887,89939,3737,6240,0.479528711885789,0.0998538772568957,1.0,0.1815766245347747,72887,89939,0,9977
Q99.000,0.6537597477436075,0.4884811027586326,0.0606658225294981,0.5426480906083994,0.1091312235436403,,78997,83829,4563,5414,0.5148868943247513,0.1063578022727757,1.0,0.1922665561797211,78997,83829,0,9977
Q99.100,0.7029751884937283,0.4929659785999086,0.0605216682515962,0.535832414553473,0.1087591166627674,,79840,82986,4631,5346,0.5197652818527456,0.1073222679990964,1.0,0.1938410724693996,79840,82986,0,9977
Q99.200,0.7672764587402343,0.4983304687997315,0.0602882002957664,0.5271123584243761,0.1082009711134886,,80854,81972,4718,5259,0.5256332355341053,0.1085058021294413,1.0,0.1957694798186919,80854,81972,0,9977
Q99.300,0.8363179117441185,0.5032782995665585,0.0599781897491821,0.5181918412348401,0.1075123472835976,,81798,81028,4807,5170,0.5310961036556078,0.109631338937421,1.0,0.1975995722009863,81798,81028,0,9977
Q99.400,0.9279615771770436,0.5098059640168284,0.0591670599339311,0.5026561090508169,0.1058720457688126,,83081,79745,4962,5015,0.538520743274133,0.1111990370254787,1.0,0.2001424287104183,83081,79745,0,9977
Q99.500,1.0516530752182076,0.5184111386955088,0.0588036865249081,0.4892252180014032,0.1049880622055881,,84702,78124,5096,4881,0.5479013674531114,0.1132450255956232,1.0,0.2034503150553641,84702,78124,0,9977
Q99.600,1.2076574707031245,0.5281794876246362,0.0584605511606955,0.4747920216497945,0.1041030261740984,,86534,76292,5240,4737,0.5585030352482306,0.1156498858222536,1.0,0.207322901730981,86534,76292,0,9977
Q99.700,1.446813035011298,0.5409223219504291,0.0580077751577337,0.4561491430289666,0.1029265424280803,,88922,73904,5426,4551,0.5723222397759298,0.1189423111312454,1.0,0.2125977540539964,88922,73904,0,9977
Q99.800,1.886606822013848,0.5617784413465045,0.0590570719602977,0.4413150245564799,0.1041735674064259,,92674,70152,5574,4403,0.5853486339936228,0.1077987485374167,0.8495539741405232,0.1913210315444952,92674,70152,1501,8476
Q99.900,2.7529450345040143,0.5934619190639051,0.060428821470245,0.4152550866994086,0.1055044119332289,,98409,64417,5834,4143,0.6151166357065561,0.1090564576360266,0.7903177307807958,0.1916649448826553,98409,64417,2092,7885
Q100.000,264.7657775878906,0.9065988437700734,0.0004863024801426,0.0003006915906585,0.0003716090672612,,156660,6166,9974,3,0.9099436931071798,0.0861123462279531,0.0582339380575323,0.0694809854101889,156660,6166,9396,581
Q_off_f1_best,0.140673279762268,0.3871807781114911,0.070412568746529,0.7879121980555277,0.1292725643197197,0.5457588381199818,59045,103781,2116,7861,0.3994259358923167,0.0877037219360396,1.0,0.1612639915949408,59045,103781,0,9977
