,tau,Accuracy,Precision,Recall,F1,ROC_AUC,tn,fp,fn,tp,Accuracy_PA,Precision_PA,Recall_PA,F1_PA,tn_PA,fp_PA,fn_PA,tp_PA
Q90.000,0.1652099400758744,0.9065126050420168,0.0541516245487364,0.75,0.101010101010101,0.8095909732016926,2574,262,5,15,0.9082633053221288,0.0709219858156028,1.0,0.1324503311258278,2574,262,0,20
Q91.000,0.2237323735654354,0.9180672268907564,0.0614754098360655,0.75,0.1136363636363636,0.8095909732016926,2607,229,5,15,0.9198179271708684,0.0803212851405622,1.0,0.1486988847583643,2607,229,0,20
Q92.000,0.2978979420661926,0.9257703081232492,0.0675675675675675,0.75,0.1239669421487603,0.8095909732016926,2629,207,5,15,0.9275210084033614,0.0881057268722467,1.0,0.1619433198380566,2629,207,0,20
Q93.000,0.3951329812407495,0.9334733893557424,0.0618556701030927,0.6,0.1121495327102803,0.8095909732016926,2654,182,8,12,0.9362745098039216,0.099009900990099,1.0,0.1801801801801801,2654,182,0,20
Q94.000,0.4744368040561686,0.9457282913165266,0.0700636942675159,0.55,0.1242937853107344,0.8095909732016926,2690,146,9,11,0.9488795518207284,0.1204819277108433,1.0,0.2150537634408602,2690,146,0,20
Q95.000,0.5541060119867334,0.9523809523809524,0.0735294117647058,0.5,0.1282051282051282,0.8095909732016926,2710,126,10,10,0.9558823529411764,0.136986301369863,1.0,0.2409638554216867,2710,126,0,20
Q96.000,0.8033009886741653,0.959733893557423,0.0869565217391304,0.5,0.1481481481481481,0.8095909732016926,2731,105,10,10,0.9632352941176472,0.16,1.0,0.2758620689655173,2731,105,0,20
Q97.000,1.2806643307209098,0.9663865546218487,0.0681818181818181,0.3,0.111111111111111,0.8095909732016926,2754,82,14,6,0.9712885154061623,0.196078431372549,1.0,0.3278688524590164,2754,82,0,20
Q98.000,1.8369403696060185,0.9772408963585434,0.0909090909090909,0.25,0.1333333333333333,0.8095909732016926,2786,50,15,5,0.9824929971988796,0.2857142857142857,1.0,0.4444444444444445,2786,50,0,20
Q98.100,1.9146985676288664,0.9775910364145658,0.0925925925925925,0.25,0.1351351351351351,0.8095909732016926,2787,49,15,5,0.982843137254902,0.2898550724637681,1.0,0.449438202247191,2787,49,0,20
Q98.200,2.1349540395736617,0.9793417366946778,0.1020408163265306,0.25,0.144927536231884,0.8095909732016926,2792,44,15,5,0.984593837535014,0.3125,1.0,0.4761904761904761,2792,44,0,20
Q98.300,2.253845402955982,0.9796918767507002,0.1041666666666666,0.25,0.1470588235294117,0.8095909732016926,2793,43,15,5,0.9849439775910364,0.3174603174603174,1.0,0.4819277108433735,2793,43,0,20
Q98.400,2.394966962814322,0.98109243697479,0.1136363636363636,0.25,0.15625,0.8095909732016926,2797,39,15,5,0.986344537815126,0.3389830508474576,1.0,0.5063291139240507,2797,39,0,20
Q98.500,2.5718699538707708,0.9817927170868348,0.119047619047619,0.25,0.1612903225806451,0.8095909732016926,2799,37,15,5,0.9870448179271708,0.3508771929824561,1.0,0.5194805194805194,2799,37,0,20
Q98.600,2.843718586444853,0.9842436974789917,0.1428571428571428,0.25,0.1818181818181818,0.8095909732016926,2806,30,15,5,0.9894957983193278,0.4,1.0,0.5714285714285715,2806,30,0,20
Q98.700,3.012885438442228,0.984593837535014,0.1470588235294117,0.25,0.1851851851851851,0.8095909732016926,2807,29,15,5,0.9898459383753502,0.4081632653061224,1.0,0.5797101449275363,2807,29,0,20
Q98.800,3.147148929595947,0.984593837535014,0.1470588235294117,0.25,0.1851851851851851,0.8095909732016926,2807,29,15,5,0.9898459383753502,0.4081632653061224,1.0,0.5797101449275363,2807,29,0,20
Q98.900,3.28213368177414,0.984593837535014,0.1470588235294117,0.25,0.1851851851851851,0.8095909732016926,2807,29,15,5,0.9898459383753502,0.4081632653061224,1.0,0.5797101449275363,2807,29,0,20
Q99.000,3.461404974460609,0.984593837535014,0.1470588235294117,0.25,0.1851851851851851,0.8095909732016926,2807,29,15,5,0.9898459383753502,0.4081632653061224,1.0,0.5797101449275363,2807,29,0,20
Q99.100,3.839282860040668,0.9877450980392156,0.2,0.25,0.2222222222222222,0.8095909732016926,2816,20,15,5,0.9929971988795518,0.5,1.0,0.6666666666666666,2816,20,0,20
Q99.200,3.9853639259338394,0.988795518207283,0.2272727272727272,0.25,0.238095238095238,0.8095909732016926,2819,17,15,5,0.9940476190476192,0.5405405405405406,1.0,0.7017543859649124,2819,17,0,20
Q99.300,4.385354409217843,0.9908963585434174,0.3125,0.25,0.2777777777777778,0.8095909732016926,2825,11,15,5,0.9961484593837536,0.6451612903225806,1.0,0.7843137254901961,2825,11,0,20
Q99.400,4.752981072425787,0.9912464985994398,0.3333333333333333,0.25,0.2857142857142857,0.8095909732016926,2826,10,15,5,0.996498599439776,0.6666666666666666,1.0,0.8,2826,10,0,20
Q99.500,5.238870766162857,0.9919467787114846,0.3846153846153846,0.25,0.303030303030303,0.8095909732016926,2828,8,15,5,0.9971988795518208,0.7142857142857143,1.0,0.8333333333333333,2828,8,0,20
Q99.600,8.389223903655969,0.9926470588235294,0.4545454545454545,0.25,0.3225806451612903,0.8095909732016926,2830,6,15,5,0.9978991596638656,0.7692307692307693,1.0,0.8695652173913044,2830,6,0,20
Q99.700,12.963419114112694,0.9915966386554622,0.25,0.1,0.1428571428571428,0.8095909732016926,2830,6,18,2,0.9978991596638656,0.7692307692307693,1.0,0.8695652173913044,2830,6,0,20
Q99.800,21.396065807342527,0.992296918767507,0.0,0.0,0.0,0.8095909732016926,2834,2,20,0,0.992296918767507,0.0,0.0,0.0,2834,2,20,0
Q99.900,28.99112062072754,0.9926470588235294,0.0,0.0,0.0,0.8095909732016926,2835,1,20,0,0.9926470588235294,0.0,0.0,0.0,2835,1,20,0
Q100.000,46.06011199951172,0.9926470588235294,0.0,0.0,0.0,0.8095909732016926,2835,1,20,0,0.9926470588235294,0.0,0.0,0.0,2835,1,20,0
Q_off_f1_best,11.173246383666992,0.9915966386554622,0.25,0.1,0.1428571428571428,0.8095909732016926,2830,6,18,2,0.9978991596638656,0.7692307692307693,1.0,0.8695652173913044,2830,6,0,20
