,tau,Accuracy,Precision,Recall,F1,ROC_AUC,tn,fp,fn,tp,Accuracy_PA,Precision_PA,Recall_PA,F1_PA,tn_PA,fp_PA,fn_PA,tp_PA
Q90.000,0.1652099400758744,0.9117647058823528,0.0572519083969465,0.75,0.1063829787234042,0.7978667136812412,2589,247,5,15,0.913515406162465,0.0749063670411985,1.0,0.1393728222996516,2589,247,0,20
Q91.000,0.2237323735654354,0.9236694677871148,0.0657894736842105,0.75,0.1209677419354838,0.8059590973201692,2623,213,5,15,0.9254201680672268,0.0858369098712446,1.0,0.1581027667984189,2623,213,0,20
Q92.000,0.2978979420661926,0.9285714285714286,0.0700934579439252,0.75,0.1282051282051282,0.8071227080394924,2637,199,5,15,0.9303221288515406,0.091324200913242,1.0,0.1673640167364016,2637,199,0,20
Q93.000,0.3951329812407495,0.9327731092436976,0.0520833333333333,0.5,0.0943396226415094,0.7997179125528915,2654,182,10,10,0.9362745098039216,0.099009900990099,1.0,0.1801801801801801,2654,182,0,20
Q94.000,0.4744368040561686,0.9481792717086834,0.0675675675675675,0.5,0.119047619047619,0.8034732016925248,2698,138,10,10,0.9516806722689076,0.1265822784810126,1.0,0.2247191011235955,2698,138,0,20
Q95.000,0.5541060119867334,0.9530812324929973,0.0746268656716417,0.5,0.1298701298701298,0.8008286318758815,2712,124,10,10,0.9565826330532212,0.1388888888888889,1.0,0.2439024390243902,2712,124,0,20
Q96.000,0.8033009886741653,0.9604341736694678,0.0884955752212389,0.5,0.150375939849624,0.8064527503526093,2733,103,10,10,0.963935574229692,0.1626016260162601,1.0,0.2797202797202797,2733,103,0,20
Q97.000,1.2806643307209098,0.9600840336134454,0.087719298245614,0.5,0.1492537313432835,0.7958744710860367,2732,104,10,10,0.9635854341736696,0.1612903225806451,1.0,0.2777777777777777,2732,104,0,20
Q98.000,1.8369403696060185,0.9740896358543416,0.1351351351351351,0.5,0.2127659574468085,0.8100846262341326,2772,64,10,10,0.9775910364145658,0.238095238095238,1.0,0.3846153846153846,2772,64,0,20
Q98.100,1.9146985676288664,0.9751400560224088,0.1408450704225352,0.5,0.2197802197802197,0.8138928067700988,2775,61,10,10,0.978641456582633,0.2469135802469135,1.0,0.396039603960396,2775,61,0,20
Q98.200,2.1349540395736617,0.9758403361344538,0.144927536231884,0.5,0.2247191011235955,0.8106488011283498,2777,59,10,10,0.9793417366946778,0.2531645569620253,1.0,0.4040404040404041,2777,59,0,20
Q98.300,2.253845402955982,0.9758403361344538,0.144927536231884,0.5,0.2247191011235955,0.8106488011283498,2777,59,10,10,0.9793417366946778,0.2531645569620253,1.0,0.4040404040404041,2777,59,0,20
Q98.400,2.394966962814322,0.976890756302521,0.1515151515151515,0.5,0.2325581395348837,0.8103843441466855,2780,56,10,10,0.9803921568627452,0.2631578947368421,1.0,0.4166666666666667,2780,56,0,20
Q98.500,2.5718699538707708,0.9789915966386554,0.1666666666666666,0.5,0.25,0.8087976022566996,2786,50,10,10,0.9824929971988796,0.2857142857142857,1.0,0.4444444444444445,2786,50,0,20
Q98.600,2.843718586444853,0.9800420168067226,0.175438596491228,0.5,0.2597402597402597,0.8104548660084626,2789,47,10,10,0.9835434173669468,0.2985074626865671,1.0,0.4597701149425287,2789,47,0,20
Q98.700,3.012885438442228,0.98109243697479,0.1851851851851851,0.5,0.2702702702702703,0.8105606488011284,2792,44,10,10,0.984593837535014,0.3125,1.0,0.4761904761904761,2792,44,0,20
Q98.800,3.147148929595947,0.9814425770308124,0.1886792452830188,0.5,0.273972602739726,0.8095380818053597,2793,43,10,10,0.9849439775910364,0.3174603174603174,1.0,0.4819277108433735,2793,43,0,20
Q98.900,3.28213368177414,0.9814425770308124,0.1886792452830188,0.5,0.273972602739726,0.8095380818053597,2793,43,10,10,0.9849439775910364,0.3174603174603174,1.0,0.4819277108433735,2793,43,0,20
Q99.000,3.461404974460609,0.9821428571428572,0.196078431372549,0.5,0.2816901408450704,0.8105253878702398,2795,41,10,10,0.9856442577030812,0.3278688524590163,1.0,0.4938271604938271,2795,41,0,20
Q99.100,3.839282860040668,0.9842436974789917,0.2222222222222222,0.5,0.3076923076923076,0.8002291960507757,2801,35,10,10,0.9877450980392156,0.3636363636363636,1.0,0.5333333333333333,2801,35,0,20
Q99.200,3.9853639259338394,0.986344537815126,0.2564102564102564,0.5,0.3389830508474576,0.8056593794076163,2807,29,10,10,0.9898459383753502,0.4081632653061224,1.0,0.5797101449275363,2807,29,0,20
Q99.300,4.385354409217843,0.9891456582633054,0.3225806451612903,0.5,0.392156862745098,0.809502820874471,2815,21,10,10,0.9926470588235294,0.4878048780487805,1.0,0.6557377049180327,2815,21,0,20
Q99.400,4.752981072425787,0.990546218487395,0.3703703703703703,0.5,0.425531914893617,0.8104901269393511,2819,17,10,10,0.9940476190476192,0.5405405405405406,1.0,0.7017543859649124,2819,17,0,20
Q99.500,5.238870766162857,0.9915966386554622,0.4166666666666667,0.5,0.4545454545454545,0.8035613540197462,2822,14,10,10,0.9950980392156864,0.5882352941176471,1.0,0.7407407407407407,2822,14,0,20
Q99.600,8.389223903655969,0.9926470588235294,0.4761904761904761,0.5,0.4878048780487805,0.8016572637517629,2825,11,10,10,0.9961484593837536,0.6451612903225806,1.0,0.7843137254901961,2825,11,0,20
Q99.700,12.963419114112694,0.9835434173669468,0.2352941176470588,0.6,0.3380281690140845,0.7891043723554303,2797,39,8,12,0.986344537815126,0.3389830508474576,1.0,0.5063291139240507,2797,39,0,20
Q99.800,21.396065807342527,0.9943977591036416,0.625,0.5,0.5555555555555556,0.820098730606488,2830,6,10,10,0.9978991596638656,0.7692307692307693,1.0,0.8695652173913044,2830,6,0,20
Q99.900,28.99112062072754,0.9961484593837536,0.9090909090909092,0.5,0.6451612903225806,0.8089033850493652,2835,1,10,10,0.9996498599439776,0.9523809523809524,1.0,0.975609756097561,2835,1,0,20
Q100.000,46.06011199951172,0.9957983193277312,0.9,0.45,0.6,0.8133638928067701,2835,1,11,9,0.9996498599439776,0.9523809523809524,1.0,0.975609756097561,2835,1,0,20
Q_off_f1_best,11.173246383666992,0.982843137254902,0.2264150943396226,0.6,0.3287671232876712,0.7866184767277856,2795,41,8,12,0.9856442577030812,0.3278688524590163,1.0,0.4938271604938271,2795,41,0,20
