,tau,Accuracy,Precision,Recall,F1,ROC_AUC,tn,fp,fn,tp,Accuracy_PA,Precision_PA,Recall_PA,F1_PA,tn_PA,fp_PA,fn_PA,tp_PA
Q90.000,0.1652099400758744,0.9051120448179272,0.0533807829181494,0.75,0.0996677740863787,,2570,266,5,15,0.9068627450980392,0.0699300699300699,1.0,0.130718954248366,2570,266,0,20
Q91.000,0.2237323735654354,0.9163165266106442,0.0566801619433198,0.7,0.1048689138576779,,2603,233,6,14,0.9184173669467788,0.0790513833992094,1.0,0.1465201465201465,2603,233,0,20
Q92.000,0.2978979420661926,0.9243697478991596,0.0504587155963302,0.55,0.0924369747899159,,2629,207,9,11,0.9275210084033614,0.0881057268722467,1.0,0.1619433198380566,2629,207,0,20
Q93.000,0.3951329812407495,0.9359243697478992,0.0546448087431694,0.5,0.0985221674876847,,2663,173,10,10,0.9394257703081232,0.1036269430051813,1.0,0.1877934272300469,2663,173,0,20
Q94.000,0.4744368040561686,0.947829131652661,0.0671140939597315,0.5,0.1183431952662721,,2697,139,10,10,0.9513305322128852,0.1257861635220125,1.0,0.223463687150838,2697,139,0,20
Q95.000,0.5541060119867334,0.9541316526610644,0.0763358778625954,0.5,0.1324503311258278,,2715,121,10,10,0.9576330532212886,0.1418439716312056,1.0,0.2484472049689441,2715,121,0,20
Q96.000,0.8033009886741653,0.9593837535014006,0.0555555555555555,0.3,0.09375,,2734,102,14,6,0.9642857142857144,0.1639344262295081,1.0,0.2816901408450704,2734,102,0,20
Q97.000,1.2806643307209098,0.9653361344537816,0.0561797752808988,0.25,0.091743119266055,,2752,84,15,5,0.9705882352941176,0.1923076923076923,1.0,0.3225806451612903,2752,84,0,20
Q98.000,1.8369403696060207,0.976890756302521,0.0892857142857142,0.25,0.131578947368421,,2785,51,15,5,0.9821428571428572,0.2816901408450704,1.0,0.4395604395604395,2785,51,0,20
Q99.000,3.4614049744606694,0.9852941176470588,0.15625,0.25,0.1923076923076923,,2809,27,15,5,0.990546218487395,0.425531914893617,1.0,0.5970149253731344,2809,27,0,20
Q100.000,46.06011199951172,0.9929971988795518,1.0,0.0,0.0,,2836,0,20,0,0.9929971988795518,1.0,0.0,0.0,2836,0,20,0
Q_off_f1_best,11.173246383666992,0.9915966386554622,0.25,0.1,0.1428571428571428,0.8113540197461213,2830,6,18,2,0.9978991596638656,0.7692307692307693,1.0,0.8695652173913044,2830,6,0,20
