,tau,Accuracy,Precision,Recall,F1,ROC_AUC,tn,fp,fn,tp,Accuracy_PA,Precision_PA,Recall_PA,F1_PA,tn_PA,fp_PA,fn_PA,tp_PA
Q80.000,1.5077989339828497,0.9746835443037974,0.1111111111111111,0.6,0.1875,0.9536203522504892,998,24,2,3,0.9756572541382668,0.1428571428571428,0.8,0.2424242424242424,998,24,1,4
Q81.000,1.5435307812690735,0.9756572541382668,0.1153846153846153,0.6,0.1935483870967742,0.9536203522504892,999,23,2,3,0.976630963972736,0.1481481481481481,0.8,0.25,999,23,1,4
Q82.000,1.5620564627647402,0.9756572541382668,0.1153846153846153,0.6,0.1935483870967742,0.9536203522504892,999,23,2,3,0.976630963972736,0.1481481481481481,0.8,0.25,999,23,1,4
Q83.000,1.613971749544145,0.9785783836416748,0.1304347826086956,0.6,0.2142857142857142,0.9538160469667318,1002,20,2,3,0.979552093476144,0.1666666666666666,0.8,0.2758620689655172,1002,20,1,4
Q84.000,1.7180011796951296,0.9834469328140214,0.1666666666666666,0.6,0.2608695652173913,0.9534246575342464,1007,15,2,3,0.9844206426484908,0.2105263157894736,0.8,0.3333333333333333,1007,15,1,4
Q85.000,1.755963790416718,0.98539435248296,0.1875,0.6,0.2857142857142857,0.9534246575342464,1009,13,2,3,0.9863680623174296,0.2352941176470588,0.8,0.3636363636363636,1009,13,1,4
Q86.000,1.8061626958847048,0.988315481986368,0.2307692307692307,0.6,0.3333333333333333,0.9534246575342464,1012,10,2,3,0.9892891918208374,0.2857142857142857,0.8,0.4210526315789473,1012,10,1,4
Q87.000,1.895958989858628,0.991236611489776,0.3,0.6,0.4,0.953228962818004,1015,7,2,3,0.9922103213242454,0.3636363636363636,0.8,0.5000000000000001,1015,7,1,4
Q88.000,1.941915616989136,0.9922103213242454,0.3333333333333333,0.6,0.4285714285714285,0.9534246575342464,1016,6,2,3,0.9931840311587148,0.4,0.8,0.5333333333333333,1016,6,1,4
Q89.000,1.9637848806381244,0.9931840311587148,0.375,0.6,0.4615384615384615,0.9534246575342464,1017,5,2,3,0.994157740993184,0.4444444444444444,0.8,0.5714285714285714,1017,5,1,4
Q90.000,2.106936144828797,0.9951314508276532,0.5,0.6,0.5454545454545454,0.9536203522504892,1019,3,2,3,0.9961051606621228,0.5714285714285714,0.8,0.6666666666666666,1019,3,1,4
Q91.000,2.1403003382682804,0.997078870496592,0.75,0.6,0.6666666666666665,0.9536203522504892,1021,1,2,3,0.9980525803310614,0.8,0.8,0.8000000000000002,1021,1,1,4
Q92.000,2.2261327171325704,0.997078870496592,0.75,0.6,0.6666666666666665,0.9536203522504892,1021,1,2,3,0.9980525803310614,0.8,0.8,0.8000000000000002,1021,1,1,4
Q93.000,2.2748072504997263,0.997078870496592,0.75,0.6,0.6666666666666665,0.9536203522504892,1021,1,2,3,0.9980525803310614,0.8,0.8,0.8000000000000002,1021,1,1,4
Q94.000,2.447192034721375,0.9980525803310614,1.0,0.6,0.7499999999999999,0.9536203522504892,1022,0,2,3,0.9990262901655308,1.0,0.8,0.888888888888889,1022,0,1,4
Q95.000,2.761779856681824,0.9980525803310614,1.0,0.6,0.7499999999999999,0.9536203522504892,1022,0,2,3,0.9990262901655308,1.0,0.8,0.888888888888889,1022,0,1,4
Q96.000,3.009604063034061,0.997078870496592,1.0,0.4,0.5714285714285715,0.9534246575342464,1022,0,3,2,0.997078870496592,1.0,0.4,0.5714285714285715,1022,0,3,2
Q97.000,3.1185075235366893,0.997078870496592,1.0,0.4,0.5714285714285715,0.9534246575342464,1022,0,3,2,0.997078870496592,1.0,0.4,0.5714285714285715,1022,0,3,2
Q98.000,3.483095335960401,0.997078870496592,1.0,0.4,0.5714285714285715,0.9534246575342464,1022,0,3,2,0.997078870496592,1.0,0.4,0.5714285714285715,1022,0,3,2
Q99.000,4.385546669960039,0.997078870496592,1.0,0.4,0.5714285714285715,0.9534246575342464,1022,0,3,2,0.997078870496592,1.0,0.4,0.5714285714285715,1022,0,3,2
Q100.000,23.915340423583984,0.9951314508276532,1.0,0.0,0.0,0.9528375733855186,1022,0,5,0,0.9951314508276532,1.0,0.0,0.0,1022,0,5,0
Q_off_f1_best,18.926610946655277,0.9951314508276532,1.0,0.0,0.0,0.9528375733855186,1022,0,5,0,0.9951314508276532,1.0,0.0,0.0,1022,0,5,0
