,tau,Accuracy,Precision,Recall,F1,tn,fp,fn,tp,Accuracy_PA,Precision_PA,Recall_PA,F1_PA,tn_PA,fp_PA,fn_PA,tp_PA
80.0,0.0650154501199722,0.6483532746667274,0.3963165944430283,0.5101513473606497,0.4460862548193311,44514.0,18946.0,11943.0,12438.0,0.7840416206555025,0.5624783502297762,0.9990156269226036,0.7197269664913422,44514.0,18946.0,24.0,24357.0
81.0,0.0671729922294616,0.6529411095046732,0.3975980408601429,0.4861162380542225,0.4374238789444546,45503.0,17957.0,12529.0,11852.0,0.7953005999476327,0.5756250886231508,0.9990156269226036,0.7303995801784242,45503.0,17957.0,24.0,24357.0
82.0,0.069478602707386,0.6581323072369395,0.4006192604060378,0.4670029941347771,0.431271542744593,46425.0,17035.0,12995.0,11386.0,0.8057968374676974,0.5884470429068419,0.9990156269226036,0.7406382558192571,46425.0,17035.0,24.0,24357.0
83.0,0.0720581993460655,0.6643253150578887,0.404895860501509,0.4457159263360813,0.4243264349863334,47488.0,15972.0,13514.0,10867.0,0.8178982479707654,0.6039574499739642,0.9990156269226036,0.7528048215113584,47488.0,15972.0,24.0,24357.0
84.0,0.0748440682888031,0.6689131498958345,0.4072730141200599,0.4235265165497723,0.415240776113401,48432.0,15028.0,14055.0,10326.0,0.8286449380130008,0.618433413736194,0.9990156269226036,0.7639494401405137,48432.0,15028.0,24.0,24357.0
85.0,0.0777228027582169,0.6727040903450553,0.4086250888861003,0.4006808580451991,0.4046139827700464,49322.0,14138.0,14612.0,9769.0,0.8387768809553625,0.6327315235744901,0.9990156269226036,0.7747630256377632,49322.0,14138.0,24.0,24357.0
86.0,0.0811041876673698,0.6814016233877119,0.4175623142007775,0.3744719248595217,0.3948449595640704,50725.0,12735.0,15251.0,9130.0,0.8547489213465238,0.6566645098673568,0.9990156269226036,0.7924454638621833,50725.0,12735.0,24.0,24357.0
87.0,0.0846594721078872,0.68737833130315,0.4231460225571414,0.3477708051351462,0.3817735653661721,51901.0,11559.0,15902.0,8479.0,0.8681367470771052,0.6781657200133645,0.9990156269226036,0.8079008905915717,51901.0,11559.0,24.0,24357.0
88.0,0.0885523334145546,0.692558144829863,0.4279202592124773,0.3195931257946762,0.3659074900211317,53043.0,10417.0,16589.0,7792.0,0.8811375098188773,0.7004371081842756,0.9990156269226036,0.8234975910742963,53043.0,10417.0,24.0,24357.0
89.0,0.0928256317973136,0.6960303275235937,0.4296884470844951,0.2907591977359419,0.346828444922821,54051.0,9409.0,17292.0,7089.0,0.892590020605412,0.7213304110887335,0.9989335958328206,0.837733253074211,54051.0,9409.0,26.0,24355.0
90.0,0.0979615375399589,0.7022347195500962,0.4392580932174389,0.2632377671137361,0.32919573245794,55267.0,8193.0,17963.0,6418.0,0.906433214558122,0.7482794641759862,0.9989335958328206,0.8556271847388853,55267.0,8193.0,26.0,24355.0
91.0,0.1033144935965538,0.7096116847485798,0.4553026096612992,0.2354292276772897,0.3103709311127933,56593.0,6867.0,18641.0,5740.0,0.9215286711216858,0.7800589328037922,0.9989335958328206,0.8760318687840585,56593.0,6867.0,26.0,24355.0
92.0,0.1103167682886123,0.7102719686706663,0.4514311676510677,0.2037652270210409,0.2807890126038546,57423.0,6037.0,19413.0,4968.0,0.9309775617308548,0.8013622005790998,0.9989335958328206,0.8893067752359739,57423.0,6037.0,26.0,24355.0
93.0,0.1183432221412659,0.7089058640042805,0.4381566628523874,0.1727574750830564,0.2478084367829616,58059.0,5401.0,20169.0,4212.0,0.9382179164626996,0.818490388493077,0.9989335958328206,0.899754326985241,58059.0,5401.0,26.0,24355.0
94.0,0.1285872966051101,0.708826174565408,0.4251564455569462,0.1393298059964726,0.2098792128757221,58867.0,4593.0,20984.0,3397.0,0.9474163545496976,0.841336189028603,0.9989335958328206,0.9133867126704044,58867.0,4593.0,26.0,24355.0
95.0,0.1410169601440439,0.7130383306200977,0.4338141025641026,0.111029080021328,0.1768067665980863,59927.0,3533.0,21674.0,2707.0,0.959483612436106,0.8733146873207114,0.9989335958328206,0.9319099274904816,59927.0,3533.0,26.0,24355.0
96.0,0.1578014135360718,0.7149964139752507,0.4348086124401913,0.0894549034083917,0.1483824880089805,60625.0,2835.0,22200.0,2181.0,0.9628874898965176,0.8941808816393565,0.9825683934211066,0.936293285390448,60625.0,2835.0,425.0,23956.0
97.0,0.1812095969915392,0.7220204688015847,0.4946267789718269,0.0698494729502481,0.1224123059229441,61720.0,1740.0,22678.0,1703.0,0.9753531949772886,0.9322851805728518,0.9825683934211066,0.9567665794676198,61720.0,1740.0,425.0,23956.0
98.0,0.2222163587808641,0.7261643196229551,0.5767966181305777,0.050367089126779,0.0926442851754055,62559.0,901.0,23153.0,1228.0,0.9849045434364364,0.9637526652452024,0.9825683934211066,0.973069580405378,62559.0,901.0,425.0,23956.0
99.0,0.3257206499576629,0.7273596612060428,0.6858864027538726,0.0326893892785365,0.0624045726813608,63095.0,365.0,23584.0,797.0,0.986099885019524,0.9847216408539138,0.9648906935728642,0.9747053096061818,63095.0,365.0,856.0,23525.0
100.0,259.7855834960937,0.7224758370237133,1.0,0.0001230466346745,0.0002460629921259,63460.0,0.0,24378.0,3.0,0.8237724980362245,1.0,0.365079365079365,0.5348837209302325,63460.0,0.0,15480.0,8901.0
Qbest,0.0667673349380493,0.6528500358602475,0.3983639809796163,0.4913662278003363,0.4400044073897234,45367.0,18093.0,12401.0,11980.0,0.7937523479923954,0.5737809187279151,0.9990156269226036,0.7289132288907841,45367.0,18093.0,24.0,24357.0
