,tau,Accuracy,Precision,Recall,F1,tn,fp,fn,tp,Accuracy_PA,Precision_PA,Recall_PA,F1_PA,tn_PA,fp_PA,fn_PA,tp_PA
80.0,0.0674534440040588,0.7892418032786885,0.6296279932844393,0.5845125302489643,0.6062320535999148,55076.0,8383.0,10130.0,14251.0,0.9043260473588344,0.7439758116238585,0.9991386735572784,0.85288145087879,55076.0,8383.0,21.0,24360.0
81.0,0.0695800071209669,0.7931124772313297,0.6419425644777758,0.5757762191870719,0.6070617743086336,55629.0,7830.0,10343.0,14038.0,0.9106215846994536,0.7567567567567568,0.9991386735572784,0.8612186455958,55629.0,7830.0,21.0,24360.0
82.0,0.0718467308580875,0.7960382513661202,0.6530612244897959,0.5656863951437595,0.6062417582417582,56132.0,7327.0,10589.0,13792.0,0.9163479052823316,0.7687695269353363,0.9991386735572784,0.8689448526788899,56132.0,7327.0,21.0,24360.0
83.0,0.0742789474874734,0.798816029143898,0.6645249889646377,0.5557196177351216,0.6052713870895687,56619.0,6840.0,10832.0,13549.0,0.9218693078324226,0.7807551766138855,0.9990566424674951,0.876518109357851,56619.0,6840.0,23.0,24358.0
84.0,0.076948336660862,0.8015368852459016,0.6771003262642741,0.5447684672490875,0.6037684387571881,57125.0,6334.0,11099.0,13282.0,0.927629781420765,0.7936270037794865,0.9990566424674951,0.8845713870680734,57125.0,6334.0,23.0,24358.0
85.0,0.0799458429217339,0.8040528233151184,0.6906750359061652,0.5325458348714163,0.601389532190829,57644.0,5815.0,11397.0,12984.0,0.9335382513661202,0.8072780300268452,0.9990566424674951,0.8929867654067529,57644.0,5815.0,23.0,24358.0
86.0,0.0834596256911755,0.8063069216757741,0.7056787090289799,0.5183544563389525,0.5976826672972334,58188.0,5271.0,11743.0,12638.0,0.9397085610200364,0.8220879603064772,0.9989746113777122,0.9019404532661828,58188.0,5271.0,25.0,24356.0
87.0,0.0870729557424783,0.8079234972677596,0.719934391658368,0.5040810467167056,0.5929750072372866,58678.0,4781.0,12091.0,12290.0,0.9452868852459017,0.8359131001818993,0.9989746113777122,0.9101984379087412,58678.0,4781.0,25.0,24356.0
88.0,0.0912952706217766,0.8086748633879781,0.7340997589467829,0.4871416266765104,0.5856508875739644,59157.0,4302.0,12504.0,11877.0,0.9507399817850638,0.8498848489078094,0.9989746113777122,0.9184185222194988,59157.0,4302.0,25.0,24356.0
89.0,0.0960111311078071,0.8085268670309654,0.7483252331538158,0.4673311184939092,0.5753528416694019,59627.0,3832.0,12987.0,11394.0,0.9560906193078323,0.8640556265077338,0.9989746113777122,0.926629762787955,59627.0,3832.0,25.0,24356.0
90.0,0.1008056625723839,0.8071835154826958,0.762112676056338,0.4438702268159633,0.561001529250149,60081.0,3378.0,13559.0,10822.0,0.9612591074681238,0.8782000432681907,0.9989746113777122,0.9347021011225174,60081.0,3378.0,25.0,24356.0
91.0,0.1067627891153097,0.8044626593806922,0.7748531319142443,0.416553873918215,0.5418267178830559,60508.0,2951.0,14225.0,10156.0,0.966120218579235,0.8919324715274471,0.9989746113777122,0.9424237734096887,60508.0,2951.0,25.0,24356.0
92.0,0.113617647588253,0.7987135701275045,0.7821765498652291,0.3808703498625979,0.5122886381816677,60873.0,2586.0,15095.0,9286.0,0.9702755009107468,0.904016034444362,0.9989746113777122,0.9491261227909514,60873.0,2586.0,25.0,24356.0
93.0,0.1219131792336703,0.7914731329690347,0.7904771028932746,0.338419260899881,0.4739366437864384,61272.0,2187.0,16130.0,8251.0,0.970264116575592,0.9163447194277629,0.9825683934211066,0.9483017971657036,61272.0,2187.0,425.0,23956.0
94.0,0.1320404818654061,0.7821835154826958,0.7937751903269145,0.2908002132808334,0.4256596523879566,61617.0,1842.0,17291.0,7090.0,0.9741917122040072,0.9285991162105588,0.9825683934211066,0.9548217381773252,61617.0,1842.0,425.0,23956.0
95.0,0.1444121018052101,0.7706853369763206,0.7916322598403523,0.2359214142159878,0.3635099693493854,61945.0,1514.0,18629.0,5752.0,0.9779257741347904,0.9405575186493914,0.9825683934211066,0.9611040901887624,61945.0,1514.0,425.0,23956.0
96.0,0.1610949867963791,0.7581511839708561,0.7843030632590176,0.1774742627455805,0.2894507993845742,62269.0,1190.0,20054.0,4327.0,0.9816142987249544,0.9526763699992048,0.9825683934211066,0.9673915238152926,62269.0,1190.0,425.0,23956.0
97.0,0.1845033016800881,0.7463570127504554,0.7717981888745149,0.1223493704113859,0.2112157473624584,62577.0,882.0,21398.0,2983.0,0.9851206739526412,0.9644898945164668,0.9825683934211066,0.9734452142465309,62577.0,882.0,425.0,23956.0
98.0,0.2279123923182509,0.7366120218579235,0.7610062893081762,0.0744432139780977,0.1356198161847119,62889.0,570.0,22566.0,1815.0,0.9886725865209472,0.9767593574166192,0.9825683934211066,0.9796552640726276,62889.0,570.0,425.0,23956.0
99.0,0.337833355069165,0.7297472677595629,0.762684124386252,0.0382264878388909,0.0728039682849666,63169.0,290.0,23449.0,932.0,0.9869535519125684,0.9878228007558262,0.9648906935728642,0.976222093119761,63169.0,290.0,856.0,23525.0
100.0,279.6590881347656,0.7224726775956284,1.0,0.0001230466346745,0.0002460629921259,63459.0,0.0,24378.0,3.0,0.8237704918032787,1.0,0.365079365079365,0.5348837209302325,63459.0,0.0,15480.0,8901.0
Qbest,0.1122860088944435,0.7997723132969035,0.7803086572583973,0.3878019769492637,0.5181105814017206,60797.0,2662.0,14926.0,9455.0,0.96941029143898,0.9014730920127324,0.9989746113777122,0.9477227183408238,60797.0,2662.0,25.0,24356.0
