,tau,Accuracy,Precision,Recall,F1,ROC_AUC,tn,fp,fn,tp,Accuracy_PA,Precision_PA,Recall_PA,F1_PA,tn_PA,fp_PA,fn_PA,tp_PA
Q90.000,0.3381195127964019,0.7568160715793028,0.0998605785988149,0.4897435897435897,0.1658946149392009,,17359,5165,597,573,0.7820123237950536,0.1846882399368587,1.0,0.3117921385742838,17359,5165,0,1170
Q91.000,0.3645433175563813,0.7735291635013084,0.1037023044956554,0.4692307692307692,0.1698638613861386,,17779,4745,621,549,0.7997383303789989,0.1978021978021978,1.0,0.3302752293577982,17779,4745,0,1170
Q92.000,0.3991647076606749,0.7930277707436482,0.1062842682412484,0.4307692307692308,0.1705006765899865,,18286,4238,666,504,0.8211361526124757,0.2163461538461538,1.0,0.3557312252964427,18286,4238,0,1170
Q93.000,0.4430557847023011,0.8117244872119523,0.1110848499172772,0.4017094017094017,0.1740418441029438,,18763,3761,700,470,0.8412678315185279,0.2372743865341715,1.0,0.3835436813637108,18763,3761,0,1170
Q94.000,0.4959391784667968,0.8293238794631552,0.1149517684887459,0.3666666666666666,0.1750305997552019,,19221,3303,741,429,0.8605976196505445,0.2615694164989939,1.0,0.4146730462519936,19221,3303,0,1170
Q95.000,0.5657924652099615,0.8468810669367772,0.1195046439628483,0.3299145299145299,0.1754545454545454,,19680,2844,784,386,0.8799696125601418,0.2914798206278027,1.0,0.4513888888888889,19680,2844,0,1170
Q96.000,0.6883397555351294,0.8678990461720266,0.1296296296296296,0.2931623931623932,0.1797693920335429,,20221,2303,827,343,0.9028023972313666,0.3368845378635186,1.0,0.5039844927848374,20221,2303,0,1170
Q97.000,0.8614130663871766,0.8892124588503418,0.1487204249154997,0.2632478632478632,0.1900647948164146,,20761,1763,862,308,0.9255929771250104,0.39890896692806,1.0,0.570314404094565,20761,1763,0,1170
Q98.000,1.1362265014648476,0.9128049295180214,0.1880222841225626,0.2307692307692307,0.2072141212586339,,21358,1166,900,270,0.9507892293407614,0.5008561643835616,1.0,0.6674272675413576,21358,1166,0,1170
Q99.000,1.8816189002991013,0.9398581919473284,0.2985781990521327,0.1615384615384615,0.2096505823627288,,22080,444,981,189,0.981261078754115,0.724907063197026,1.0,0.8405172413793104,22080,444,0,1170
Q100.000,353.0625305175781,0.9510424580062464,1.0,0.0085470085470085,0.0169491525423728,,22524,0,1160,10,0.9697813792521314,1.0,0.388034188034188,0.5591133004926109,22524,0,716,454
Q_off_f1_best,1.576119899749756,0.933316451422301,0.2638248847926267,0.1957264957264957,0.2247301275760549,0.6775861493229633,21885,639,941,229,0.9730311471258548,0.6467661691542289,1.0,0.785498489425982,21885,639,0,1170
