,tau,Accuracy,Precision,Recall,F1,tn,fp,fn,tp,Accuracy_PA,Precision_PA,Recall_PA,F1_PA,tn_PA,fp_PA,fn_PA,tp_PA
90.0,0.0709758527576923,0.4338235294117647,0.0110226576852418,0.9,0.0217785843920145,1221,1615,2,18,0.4345238095238095,0.0122324159021406,1.0,0.0241691842900302,1221,1615,0,20
91.0,0.1174455790966752,0.4467787114845938,0.0112781954887218,0.9,0.0222772277227722,1258,1578,2,18,0.4474789915966387,0.0125156445556946,1.0,0.0247218788627935,1258,1578,0,20
92.0,0.3603255414962775,0.4558823529411764,0.0114649681528662,0.9,0.0226415094339622,1284,1552,2,18,0.4565826330532213,0.0127226463104325,1.0,0.0251256281407035,1284,1552,0,20
93.0,0.589044482111931,0.4618347338935574,0.0115904700579523,0.9,0.0228862047043865,1301,1535,2,18,0.4625350140056022,0.0128617363344051,1.0,0.0253968253968253,1301,1535,0,20
94.0,0.6159089207649232,0.4639355742296919,0.0116354234001292,0.9,0.0229738353541799,1307,1529,2,18,0.4646358543417367,0.012911555842479,1.0,0.0254939451880178,1307,1529,0,20
95.0,0.7196991652250311,0.4716386554621848,0.0118032786885245,0.9,0.0233009708737864,1329,1507,2,18,0.4723389355742297,0.0130975769482645,1.0,0.0258564964447317,1329,1507,0,20
96.0,1.6982433605194107,0.476890756302521,0.0119205298013245,0.9,0.0235294117647058,1344,1492,2,18,0.4775910364145658,0.0132275132275132,1.0,0.0261096605744125,1344,1492,0,20
97.0,1.875160067081453,0.4796918767507003,0.0119840213049267,0.9,0.0236530880420499,1352,1484,2,18,0.4803921568627451,0.0132978723404255,1.0,0.0262467191601049,1352,1484,0,20
98.0,2.8445612955094526,0.8042717086834734,0.0280210157618213,0.8,0.05414551607445,2281,555,4,16,0.805672268907563,0.0347826086956521,1.0,0.0672268907563025,2281,555,0,20
99.0,4.778543596267699,0.8627450980392157,0.0326633165829145,0.65,0.062200956937799,2451,385,7,13,0.8651960784313726,0.0493827160493827,1.0,0.0941176470588235,2451,385,0,20
99.1,4.9967490200996085,0.8662464985994398,0.0335051546391752,0.65,0.0637254901960784,2461,375,7,13,0.8686974789915967,0.050632911392405,1.0,0.0963855421686746,2461,375,0,20
99.2,5.393124061584474,0.8995098039215687,0.0443686006825938,0.65,0.0830670926517572,2556,280,7,13,0.9019607843137256,0.0666666666666666,1.0,0.125,2556,280,0,20
99.3,5.777269982337846,0.9082633053221288,0.0485074626865671,0.65,0.0902777777777777,2581,255,7,13,0.9107142857142856,0.0727272727272727,1.0,0.135593220338983,2581,255,0,20
99.4,6.927623596191418,0.9453781512605042,0.0802469135802469,0.65,0.1428571428571428,2687,149,7,13,0.947829131652661,0.1183431952662721,1.0,0.2116402116402116,2687,149,0,20
99.5,7.271403317451472,0.9513305322128852,0.0896551724137931,0.65,0.1575757575757576,2704,132,7,13,0.953781512605042,0.131578947368421,1.0,0.2325581395348837,2704,132,0,20
99.6,16.308629081726064,0.9912464985994398,0.1428571428571428,0.05,0.074074074074074,2830,6,19,1,0.9978991596638656,0.7692307692307693,1.0,0.8695652173913044,2830,6,0,20
99.7,16.72037953186037,0.9915966386554622,0.1666666666666666,0.05,0.0769230769230769,2831,5,19,1,0.998249299719888,0.8,1.0,0.888888888888889,2831,5,0,20
99.8,21.886287788391083,0.992296918767507,0.0,0.0,0.0,2834,2,20,0,0.992296918767507,0.0,0.0,0.0,2834,2,20,0
99.9,31.93991654396064,0.992296918767507,0.0,0.0,0.0,2834,2,20,0,0.992296918767507,0.0,0.0,0.0,2834,2,20,0
100.0,41.84105682373047,0.9929971988795518,1.0,0.0,0.0,2836,0,20,0,0.9929971988795518,1.0,0.0,0.0,2836,0,20,0
