,tau,Accuracy,Precision,Recall,F1,ROC_AUC,tn,fp,fn,tp,Accuracy_PA,Precision_PA,Recall_PA,F1_PA,tn_PA,fp_PA,fn_PA,tp_PA
Q90.000,0.1652099400758744,0.4527310924369748,0.0095359186268277,0.75,0.0188323917137476,0.6414139633286319,1278,1558,5,15,0.4544817927170868,0.0126742712294043,1.0,0.0250312891113892,1278,1558,0,20
Q91.000,0.2237323735654354,0.4548319327731092,0.0095724313975749,0.75,0.0189035916824196,0.6428772919605078,1284,1552,5,15,0.4565826330532213,0.0127226463104325,1.0,0.0251256281407035,1284,1552,0,20
Q92.000,0.2978979420661926,0.4572829131652661,0.0096153846153846,0.75,0.0189873417721519,0.645098730606488,1291,1545,5,15,0.4590336134453781,0.0127795527156549,1.0,0.0252365930599369,1291,1545,0,20
Q93.000,0.3951329812407495,0.4607843137254901,0.0096774193548387,0.75,0.019108280254777,0.5706629055007053,1301,1535,5,15,0.4625350140056022,0.0128617363344051,1.0,0.0253968253968253,1301,1535,0,20
Q94.000,0.4744368040561686,0.4642857142857143,0.0091027308192457,0.7,0.017971758664955,0.4633462623413258,1312,1524,6,14,0.4663865546218487,0.0129533678756476,1.0,0.0255754475703324,1312,1524,0,20
Q95.000,0.5541060119867334,0.4684873949579832,0.0091743119266055,0.7,0.0181112548512289,0.4636812411847673,1324,1512,6,14,0.4705882352941176,0.0130548302872062,1.0,0.0257731958762886,1324,1512,0,20
Q96.000,0.8033009886741653,0.4730392156862745,0.0079522862823061,0.6,0.0156965336821451,0.4690232722143864,1339,1497,8,12,0.4758403361344537,0.01318391562294,1.0,0.0260247234873129,1339,1497,0,20
Q97.000,1.2806643307209098,0.4758403361344537,0.0073382254836557,0.55,0.0144832126398946,0.4681064880112835,1348,1488,9,11,0.4789915966386555,0.013262599469496,1.0,0.0261780104712041,1348,1488,0,20
Q98.000,1.8369403696060185,0.4786414565826331,0.0067159167226326,0.5,0.0132538104705102,0.4683885754583921,1357,1479,10,10,0.4821428571428571,0.0133422281521014,1.0,0.0263331138907175,1357,1479,0,20
Q98.100,1.9146985676288664,0.4789915966386555,0.0067204301075268,0.5,0.013262599469496,0.4678596614950634,1358,1478,10,10,0.4824929971988795,0.0133511348464619,1.0,0.0263504611330698,1358,1478,0,20
Q98.200,2.1349540395736617,0.4803921568627451,0.0067385444743935,0.5,0.0132978723404255,0.468018335684062,1362,1474,10,10,0.4838935574229692,0.0133868808567603,1.0,0.0264200792602377,1362,1474,0,20
Q98.300,2.253845402955982,0.4803921568627451,0.0067385444743935,0.5,0.0132978723404255,0.468018335684062,1362,1474,10,10,0.4838935574229692,0.0133868808567603,1.0,0.0264200792602377,1362,1474,0,20
Q98.400,2.394966962814322,0.4814425770308123,0.0067521944632005,0.5,0.0133244503664223,0.4675423131170663,1365,1471,10,10,0.4849439775910364,0.0134138162307176,1.0,0.0264725347452018,1365,1471,0,20
Q98.500,2.5718699538707708,0.4814425770308123,0.0067521944632005,0.5,0.0133244503664223,0.4675423131170663,1365,1471,10,10,0.4849439775910364,0.0134138162307176,1.0,0.0264725347452018,1365,1471,0,20
Q98.600,2.843718586444853,0.4821428571428571,0.006761325219743,0.5,0.0133422281521014,0.465320874471086,1367,1469,10,10,0.4856442577030812,0.0134318334452652,1.0,0.0265076209410205,1367,1469,0,20
Q98.700,3.012885438442228,0.4821428571428571,0.006761325219743,0.5,0.0133422281521014,0.465320874471086,1367,1469,10,10,0.4856442577030812,0.0134318334452652,1.0,0.0265076209410205,1367,1469,0,20
Q98.800,3.147148929595947,0.4824929971988795,0.006765899864682,0.5,0.0133511348464619,0.4685119887165021,1368,1468,10,10,0.4859943977591036,0.0134408602150537,1.0,0.026525198938992,1368,1468,0,20
Q98.900,3.28213368177414,0.4828431372549019,0.0067704807041299,0.5,0.0133600534402137,0.4650387870239774,1369,1467,10,10,0.486344537815126,0.0134498991257565,1.0,0.026542800265428,1369,1467,0,20
Q99.000,3.461404974460609,0.4838935574229692,0.0067842605156037,0.5,0.0133868808567603,0.4707686882933709,1372,1464,10,10,0.4873949579831932,0.013477088948787,1.0,0.026595744680851,1372,1464,0,20
Q99.100,3.839282860040668,0.484593837535014,0.0067934782608695,0.5,0.0134048257372654,0.4677538787023977,1374,1462,10,10,0.4880952380952381,0.0134952766531713,1.0,0.0266311584553928,1374,1462,0,20
Q99.200,3.9853639259338394,0.484593837535014,0.0067934782608695,0.5,0.0134048257372654,0.4677538787023977,1374,1462,10,10,0.4880952380952381,0.0134952766531713,1.0,0.0266311584553928,1374,1462,0,20
Q99.300,4.385354409217843,0.4856442577030812,0.0068073519400953,0.5,0.0134318334452652,0.4709978843441467,1377,1459,10,10,0.4891456582633053,0.0135226504394861,1.0,0.0266844563042028,1377,1459,0,20
Q99.400,4.752981072425787,0.4880952380952381,0.0068399452804377,0.5,0.0134952766531713,0.4793194640338505,1384,1452,10,10,0.4915966386554621,0.0135869565217391,1.0,0.0268096514745308,1384,1452,0,20
Q99.500,5.238870766162857,0.4887955182072829,0.0068493150684931,0.5,0.0135135135135135,0.4730606488011283,1386,1450,10,10,0.492296918767507,0.0136054421768707,1.0,0.0268456375838926,1386,1450,0,20
Q99.600,8.389223903655969,0.4891456582633053,0.0068540095956134,0.5,0.0135226504394861,0.4733251057827926,1387,1449,10,10,0.4926470588235294,0.0136147038801906,1.0,0.0268636668905305,1387,1449,0,20
Q99.700,12.963419114112694,0.4901960784313725,0.0082191780821917,0.6,0.0162162162162162,0.5622002820874471,1388,1448,8,12,0.4929971988795518,0.0136239782016348,1.0,0.0268817204301075,1388,1448,0,20
Q99.800,21.396065807342527,0.4898459383753501,0.0068634179821551,0.5,0.0135409614082599,0.5519746121297602,1389,1447,10,10,0.4933473389355742,0.0136332651670074,1.0,0.0268997982515131,1389,1447,0,20
Q99.900,28.99112062072754,0.4898459383753501,0.0068634179821551,0.5,0.0135409614082599,0.5519746121297602,1389,1447,10,10,0.4933473389355742,0.0136332651670074,1.0,0.0268997982515131,1389,1447,0,20
Q100.000,46.06011199951172,0.4901960784313725,0.0068681318681318,0.5,0.013550135501355,0.5463857545839209,1390,1446,10,10,0.4936974789915966,0.0136425648021828,1.0,0.0269179004037685,1390,1446,0,20
Q_off_f1_best,11.173246383666992,0.4901960784313725,0.0082191780821917,0.6,0.0162162162162162,0.5622002820874471,1388,1448,8,12,0.4929971988795518,0.0136239782016348,1.0,0.0268817204301075,1388,1448,0,20
