,tau,Accuracy,Precision,Recall,F1,tn,fp,fn,tp,Accuracy_PA,Precision_PA,Recall_PA,F1_PA,tn_PA,fp_PA,fn_PA,tp_PA
90.0,0.0709758527576923,0.4499299719887955,0.0113421550094517,0.9,0.0224019912881145,1267.0,1569.0,2.0,18.0,0.4506302521008403,0.0125865324103209,1.0,0.0248601615910503,1267.0,1569.0,0.0,20.0
91.0,0.1174455790966752,0.453781512605042,0.0114213197969543,0.9,0.0225563909774436,1278.0,1558.0,2.0,18.0,0.4544817927170868,0.0126742712294043,1.0,0.0250312891113892,1278.0,1558.0,0.0,20.0
92.0,0.3603255414962775,0.4600840336134453,0.0115532734274711,0.9,0.0228136882129277,1296.0,1540.0,2.0,18.0,0.4607843137254901,0.0128205128205128,1.0,0.0253164556962025,1296.0,1540.0,0.0,20.0
93.0,0.589044482111931,0.461484593837535,0.0115830115830115,0.9,0.0228716645489199,1300.0,1536.0,2.0,18.0,0.4621848739495798,0.0128534704370179,1.0,0.0253807106598984,1300.0,1536.0,0.0,20.0
94.0,0.6159089207649232,0.4653361344537815,0.0116655865197666,0.9,0.0230326295585412,1311.0,1525.0,2.0,18.0,0.4660364145658263,0.0129449838187702,1.0,0.0255591054313099,1311.0,1525.0,0.0,20.0
95.0,0.7196991652250311,0.4712885154061624,0.0117955439056356,0.9,0.0232858990944372,1328.0,1508.0,2.0,18.0,0.4719887955182072,0.013089005235602,1.0,0.0258397932816537,1328.0,1508.0,0.0,20.0
96.0,1.6982433605194107,0.4761904761904761,0.0119047619047619,0.9,0.0234986945169712,1342.0,1494.0,2.0,18.0,0.476890756302521,0.0132100396301188,1.0,0.0260756192959582,1342.0,1494.0,0.0,20.0
97.0,1.875160067081453,0.5161064425770309,0.0128755364806866,0.9,0.0253878702397743,1456.0,1380.0,2.0,18.0,0.5168067226890757,0.0142857142857142,1.0,0.028169014084507,1456.0,1380.0,0.0,20.0
98.0,2.8445612955094526,0.7559523809523809,0.0212164073550212,0.75,0.0412654745529573,2144.0,692.0,5.0,15.0,0.757703081232493,0.0280898876404494,1.0,0.0546448087431694,2144.0,692.0,0.0,20.0
99.0,4.778543596267699,0.8953081232492998,0.0426229508196721,0.65,0.0799999999999999,2544.0,292.0,7.0,13.0,0.8977591036414566,0.0641025641025641,1.0,0.1204819277108433,2544.0,292.0,0.0,20.0
99.1,4.9967490200996085,0.8977591036414566,0.0436241610738255,0.65,0.0817610062893081,2551.0,285.0,7.0,13.0,0.9002100840336135,0.0655737704918032,1.0,0.123076923076923,2551.0,285.0,0.0,20.0
99.2,5.393124061584474,0.8988095238095238,0.0440677966101694,0.65,0.0825396825396825,2554.0,282.0,7.0,13.0,0.9012605042016808,0.0662251655629139,1.0,0.124223602484472,2554.0,282.0,0.0,20.0
99.3,5.777269982337846,0.9317226890756304,0.0646766169154228,0.65,0.1176470588235294,2648.0,188.0,7.0,13.0,0.9341736694677872,0.0961538461538461,1.0,0.175438596491228,2648.0,188.0,0.0,20.0
99.4,6.927623596191418,0.9474789915966386,0.0779220779220779,0.6,0.1379310344827586,2694.0,142.0,8.0,12.0,0.950280112044818,0.1234567901234567,1.0,0.2197802197802197,2694.0,142.0,0.0,20.0
99.5,7.271403317451472,0.9492296918767508,0.0805369127516778,0.6,0.1420118343195266,2699.0,137.0,8.0,12.0,0.95203081232493,0.1273885350318471,1.0,0.2259887005649717,2699.0,137.0,0.0,20.0
99.51,7.368252026987074,0.9492296918767508,0.0805369127516778,0.6,0.1420118343195266,2699.0,137.0,8.0,12.0,0.95203081232493,0.1273885350318471,1.0,0.2259887005649717,2699.0,137.0,0.0,20.0
99.52,7.378486845397945,0.9492296918767508,0.0805369127516778,0.6,0.1420118343195266,2699.0,137.0,8.0,12.0,0.95203081232493,0.1273885350318471,1.0,0.2259887005649717,2699.0,137.0,0.0,20.0
99.53,7.388721663808817,0.9492296918767508,0.0805369127516778,0.6,0.1420118343195266,2699.0,137.0,8.0,12.0,0.95203081232493,0.1273885350318471,1.0,0.2259887005649717,2699.0,137.0,0.0,20.0
99.54,8.382009311101461,0.9499299719887956,0.0816326530612244,0.6,0.1437125748502994,2701.0,135.0,8.0,12.0,0.9527310924369748,0.1290322580645161,1.0,0.2285714285714286,2701.0,135.0,0.0,20.0
99.55,11.574595923897691,0.9796918767507002,0.1724137931034483,0.5,0.2564102564102564,2788.0,48.0,10.0,10.0,0.9831932773109244,0.2941176470588235,1.0,0.4545454545454545,2788.0,48.0,0.0,20.0
99.56,14.767182536693928,0.9912464985994398,0.2222222222222222,0.1,0.1379310344827586,2829.0,7.0,18.0,2.0,0.9975490196078431,0.7407407407407407,1.0,0.851063829787234,2829.0,7.0,0.0,20.0
99.57,16.13523991870871,0.9908963585434174,0.125,0.05,0.0714285714285714,2829.0,7.0,19.0,1.0,0.9975490196078431,0.7407407407407407,1.0,0.851063829787234,2829.0,7.0,0.0,20.0
99.58,16.20819597434987,0.9908963585434174,0.125,0.05,0.0714285714285714,2829.0,7.0,19.0,1.0,0.9975490196078431,0.7407407407407407,1.0,0.851063829787234,2829.0,7.0,0.0,20.0
99.59,16.281152029991034,0.9908963585434174,0.125,0.05,0.0714285714285714,2829.0,7.0,19.0,1.0,0.9975490196078431,0.7407407407407407,1.0,0.851063829787234,2829.0,7.0,0.0,20.0
99.6,16.308629081726064,0.9908963585434174,0.125,0.05,0.0714285714285714,2829.0,7.0,19.0,1.0,0.9975490196078431,0.7407407407407407,1.0,0.851063829787234,2829.0,7.0,0.0,20.0
99.7,16.72037953186037,0.9915966386554622,0.1666666666666666,0.05,0.0769230769230769,2831.0,5.0,19.0,1.0,0.998249299719888,0.8,1.0,0.888888888888889,2831.0,5.0,0.0,20.0
99.8,21.886287788391083,0.9919467787114846,0.0,0.0,0.0,2833.0,3.0,20.0,0.0,0.9919467787114846,0.0,0.0,0.0,2833.0,3.0,20.0,0.0
99.9,31.93991654396064,0.992296918767507,0.0,0.0,0.0,2834.0,2.0,20.0,0.0,0.992296918767507,0.0,0.0,0.0,2834.0,2.0,20.0,0.0
100.0,41.84105682373047,0.9929971988795518,1.0,0.0,0.0,2836.0,0.0,20.0,0.0,0.9929971988795518,1.0,0.0,0.0,2836.0,0.0,20.0,0.0
Qbest,11.89445686340332,0.9912464985994398,0.3684210526315789,0.35,0.358974358974359,2824.0,12.0,13.0,7.0,0.9957983193277312,0.625,1.0,0.7692307692307693,2824.0,12.0,0.0,20.0
