,tau,Accuracy,Precision,Recall,F1,ROC_AUC,tn,fp,fn,tp,Accuracy_PA,Precision_PA,Recall_PA,F1_PA,tn_PA,fp_PA,fn_PA,tp_PA
Q90.000,0.1652099400758744,0.4499299719887955,0.0094876660341555,0.75,0.0187382885696439,,1270,1566,5,15,0.4516806722689075,0.0126103404791929,1.0,0.024906600249066,1270,1566,0,20
Q91.000,0.2237323735654354,0.4527310924369748,0.0095359186268277,0.75,0.0188323917137476,,1278,1558,5,15,0.4544817927170868,0.0126742712294043,1.0,0.0250312891113892,1278,1558,0,20
Q92.000,0.2978979420661926,0.4562324929971988,0.0095969289827255,0.75,0.0189513581806696,,1288,1548,5,15,0.4579831932773109,0.0127551020408163,1.0,0.0251889168765743,1288,1548,0,20
Q93.000,0.3951329812407495,0.4604341736694677,0.0096711798839458,0.75,0.0190961171228516,,1300,1536,5,15,0.4621848739495798,0.0128534704370179,1.0,0.0253807106598984,1300,1536,0,20
Q94.000,0.4744368040561686,0.4642857142857143,0.0097402597402597,0.75,0.0192307692307692,,1311,1525,5,15,0.4660364145658263,0.0129449838187702,1.0,0.0255591054313099,1311,1525,0,20
Q95.000,0.5541060119867334,0.4688375350140056,0.0098231827111984,0.75,0.0193923723335488,,1324,1512,5,15,0.4705882352941176,0.0130548302872062,1.0,0.0257731958762886,1324,1512,0,20
Q96.000,0.8033009886741653,0.4740896358543417,0.0099206349206349,0.75,0.0195822454308094,,1339,1497,5,15,0.4758403361344537,0.01318391562294,1.0,0.0260247234873129,1339,1497,0,20
Q97.000,1.2806643307209098,0.4779411764705882,0.0099933377748167,0.75,0.019723865877712,,1350,1486,5,15,0.4796918767507003,0.0132802124833997,1.0,0.0262123197903014,1350,1486,0,20
Q98.000,1.8369403696060207,0.4803921568627451,0.0100401606425702,0.75,0.0198150594451783,,1357,1479,5,15,0.4821428571428571,0.0133422281521014,1.0,0.0263331138907175,1357,1479,0,20
Q99.000,3.461404974460609,0.7184873949579832,0.0136476426799007,0.55,0.0266343825665859,,2041,795,9,11,0.7216386554621849,0.0245398773006134,1.0,0.0479041916167664,2041,795,0,20
Q99.100,3.839282860040668,0.8259803921568627,0.0181818181818181,0.45,0.0349514563106796,,2350,486,11,9,0.8298319327731093,0.0395256916996047,1.0,0.0760456273764258,2350,486,0,20
Q99.200,3.9853639259338394,0.8627450980392157,0.0181347150259067,0.35,0.0344827586206896,,2457,379,13,7,0.867296918767507,0.050125313283208,1.0,0.0954653937947494,2457,379,0,20
Q99.300,4.385354409217843,0.8721988795518207,0.0194986072423398,0.35,0.0369393139841688,,2484,352,13,7,0.876750700280112,0.053763440860215,1.0,0.1020408163265306,2484,352,0,20
Q99.400,4.752981072425787,0.8788515406162465,0.0205882352941176,0.35,0.0388888888888888,,2503,333,13,7,0.8834033613445378,0.0566572237960339,1.0,0.1072386058981233,2503,333,0,20
Q99.500,5.238870766162857,0.9695378151260504,0.0649350649350649,0.25,0.1030927835051546,,2764,72,15,5,0.9747899159663864,0.217391304347826,1.0,0.3571428571428571,2764,72,0,20
Q99.600,8.389223903655969,0.9901960784313726,0.2777777777777778,0.25,0.2631578947368421,,2823,13,15,5,0.9954481792717088,0.6060606060606061,1.0,0.7547169811320755,2823,13,0,20
Q99.610,8.472814987087245,0.9901960784313726,0.2777777777777778,0.25,0.2631578947368421,,2823,13,15,5,0.9954481792717088,0.6060606060606061,1.0,0.7547169811320755,2823,13,0,20
Q99.620,8.57667047138237,0.9908963585434174,0.3125,0.25,0.2777777777777778,,2825,11,15,5,0.9961484593837536,0.6451612903225806,1.0,0.7843137254901961,2825,11,0,20
Q99.630,9.271681715297332,0.9912464985994398,0.3333333333333333,0.25,0.2857142857142857,,2826,10,15,5,0.996498599439776,0.6666666666666666,1.0,0.8,2826,10,0,20
Q99.640,9.966692959213155,0.992296918767507,0.4166666666666667,0.25,0.3125,,2829,7,15,5,0.9975490196078431,0.7407407407407407,1.0,0.851063829787234,2829,7,0,20
Q99.650,10.587087944983978,0.992296918767507,0.4166666666666667,0.25,0.3125,,2829,7,15,5,0.9975490196078431,0.7407407407407407,1.0,0.851063829787234,2829,7,0,20
Q99.660,11.046337432479575,0.992296918767507,0.4166666666666667,0.25,0.3125,,2829,7,15,5,0.9975490196078431,0.7407407407407407,1.0,0.851063829787234,2829,7,0,20
Q99.670,11.505586919975173,0.9919467787114846,0.3636363636363636,0.2,0.2580645161290322,,2829,7,16,4,0.9975490196078431,0.7407407407407407,1.0,0.851063829787234,2829,7,0,20
Q99.680,11.983313406371536,0.9915966386554622,0.3,0.15,0.2,,2829,7,17,3,0.9975490196078431,0.7407407407407407,1.0,0.851063829787234,2829,7,0,20
Q99.690,12.473366260242116,0.9915966386554622,0.3,0.15,0.2,,2829,7,17,3,0.9975490196078431,0.7407407407407407,1.0,0.851063829787234,2829,7,0,20
Q99.700,12.963419114112089,0.9915966386554622,0.3,0.15,0.2,,2829,7,17,3,0.9975490196078431,0.7407407407407407,1.0,0.851063829787234,2829,7,0,20
Q99.800,21.396065807342527,0.9915966386554622,0.0,0.0,0.0,,2832,4,20,0,0.9915966386554622,0.0,0.0,0.0,2832,4,20,0
Q99.900,28.99112062072754,0.9919467787114846,0.0,0.0,0.0,,2833,3,20,0,0.9919467787114846,0.0,0.0,0.0,2833,3,20,0
Q100.000,46.06011199951172,0.9926470588235294,0.0,0.0,0.0,,2835,1,20,0,0.9926470588235294,0.0,0.0,0.0,2835,1,20,0
Q_off_f1_best,11.173246383666992,0.992296918767507,0.4166666666666667,0.25,0.3125,0.6468970380818053,2829,7,15,5,0.9975490196078431,0.7407407407407407,1.0,0.851063829787234,2829,7,0,20
