,tau,Accuracy,Precision,Recall,F1,tn,fp,fn,tp,Accuracy_PA,Precision_PA,Recall_PA,F1_PA,tn_PA,fp_PA,fn_PA,tp_PA
Q90.000,0.1458889096975326,0.8901168431265027,0.1593783881460065,0.6125,0.2529394895325494,20661,2326,279,441,0.9017589741426584,0.2356227407163983,0.9958333333333332,0.3810789263885198,20661,2326,3,717
Q91.000,0.1515596710145473,0.899059349559202,0.1687128712871287,0.5916666666666667,0.2625577812018489,20888,2099,294,426,0.911334205087105,0.2546164772727273,0.9958333333333332,0.4055429864253394,20888,2099,3,717
Q92.000,0.1579642027616501,0.906820770236639,0.1789564467442863,0.5763888888888888,0.2731161566304705,21083,1904,305,415,0.9195596237398236,0.273559710034338,0.9958333333333332,0.4292128105357677,21083,1904,3,717
Q93.000,0.1653121367096901,0.9161007297422702,0.1948051948051948,0.5625,0.2893890675241157,21313,1674,315,405,0.92926139958662,0.2998745294855709,0.9958333333333332,0.4609450337512054,21313,1674,3,717
Q94.000,0.1728944927453995,0.9244948749314548,0.2126745435016111,0.55,0.3067389620449264,21521,1466,324,396,0.9380351794828532,0.3284470911589555,0.9958333333333332,0.4939717533585946,21521,1466,3,717
Q95.000,0.183092575520277,0.933774834437086,0.2373300370828183,0.5333333333333333,0.3284858853721129,21753,1234,336,384,0.9478213185978824,0.3675038441824705,0.9958333333333332,0.5368775739423436,21753,1234,3,717
Q96.000,0.1962900191545491,0.9421689796262708,0.265658747300216,0.5125,0.3499288762446657,21967,1020,351,369,0.9568481882988148,0.4127806563039723,0.9958333333333332,0.5836385836385837,21967,1020,3,717
Q97.000,0.2153501585125925,0.9508583962542708,0.3066898349261511,0.4902777777777777,0.3773383217530732,22189,798,367,353,0.9662125110726788,0.4732673267326732,0.9958333333333332,0.6416107382550335,22189,798,3,717
Q98.000,0.2480984941124916,0.9610663517104652,0.3798816568047337,0.4458333333333333,0.4102236421725239,22463,524,399,321,0.9777702788206016,0.5777598710717163,0.9958333333333332,0.7312595614482408,22463,524,3,717
Q99.000,0.3836449652910241,0.9708524908254946,0.532150776053215,0.3333333333333333,0.4099060631938513,22776,211,480,240,0.9909731302990678,0.7726293103448276,0.9958333333333332,0.8701456310679613,22776,211,3,717
Q100.000,356.7481384277344,0.9704306744843296,0.7021276595744681,0.0458333333333333,0.0860495436766623,22973,14,687,33,0.970979035727844,0.7666666666666667,0.0638888888888888,0.1179487179487179,22973,14,674,46
Q_off_f1_best,0.8220261931419373,0.9728772092630869,0.6287625418060201,0.2611111111111111,0.3689892051030422,22876,111,532,188,0.9951912937107183,0.8659420289855072,0.9958333333333332,0.9263565891472868,22876,111,3,717
