,tau,Accuracy,Precision,Recall,F1,ROC_AUC,tn,fp,fn,tp,Accuracy_PA,Precision_PA,Recall_PA,F1_PA,tn_PA,fp_PA,fn_PA,tp_PA
Q90.000,0.1458889096975326,0.8987218964862699,0.1715513872606487,0.6097222222222223,0.2677645623665752,,20867,2120,281,439,0.910574935673008,0.2535211267605634,1.0,0.4044943820224718,20867,2120,0,720
Q91.000,0.1515596710145473,0.9072004049436876,0.1843003412969283,0.6,0.2819843342036553,,21075,1912,288,432,0.9193487155692412,0.2735562310030395,1.0,0.4295942720763723,21075,1912,0,720
Q92.000,0.1579642027616501,0.9145400092799596,0.1971243042671614,0.5902777777777778,0.2955493741307371,,21256,1731,295,425,0.9269835913443288,0.2937576499388005,1.0,0.4541154210028382,21256,1731,0,720
Q93.000,0.1653121367096901,0.9231872442738432,0.2146189735614307,0.575,0.3125707814269535,,21472,1515,306,414,0.936094824313494,0.3221476510067114,1.0,0.4873096446700507,21472,1515,0,720
Q94.000,0.1728944927453995,0.9307799384148142,0.2342758222735141,0.5638888888888889,0.3310232368528333,,21660,1327,314,406,0.944024971527397,0.3517342452369321,1.0,0.5204192265992049,21660,1327,0,720
Q95.000,0.183092575520277,0.937444636605222,0.2537120723047127,0.5458333333333333,0.3464081092992507,,21831,1156,327,393,0.9512380309613194,0.3837953091684435,1.0,0.5546995377503853,21831,1156,0,720
Q96.000,0.1962900191545491,0.9458387817944068,0.2879699248120301,0.5319444444444444,0.3736585365853658,,22040,947,337,383,0.9600539924916692,0.4319136172765447,1.0,0.6032677000418936,22040,947,0,720
Q97.000,0.2153501585125925,0.9551609229341544,0.3413506012950971,0.5125,0.4097723486951694,,22275,712,351,369,0.969966676509048,0.5027932960893855,1.0,0.6691449814126395,22275,712,0,720
Q98.000,0.2480984941124916,0.9638925211962712,0.4182692307692308,0.4833333333333333,0.4484536082474227,,22503,484,372,348,0.9795840890876112,0.5980066445182725,1.0,0.7484407484407485,22503,484,0,720
Q99.000,0.3836449652910241,0.9707681275572616,0.5270541082164328,0.3652777777777777,0.431501230516817,,22751,236,457,263,0.9900451343485046,0.7531380753138075,1.0,0.8591885441527446,22751,236,0,720
Q100.000,356.7481384277344,0.970219766313747,0.625,0.0486111111111111,0.0902061855670103,,22966,21,685,35,0.970810309191378,0.7,0.0680555555555555,0.1240506329113924,22966,21,671,49
Q_off_f1_best,0.8220261931419373,0.9715273969713588,0.5683890577507599,0.2597222222222222,0.3565300285986653,0.8376389372253883,22845,142,533,187,0.992238579322563,0.8268292682926829,0.9416666666666668,0.8805194805194805,22845,142,42,678
