,tau,Accuracy,Precision,Recall,F1,ROC_AUC,tn,fp,fn,tp,Accuracy_PA,Precision_PA,Recall_PA,F1_PA,tn_PA,fp_PA,fn_PA,tp_PA
Q90.000,1.049733114242554,0.8284388078986545,0.0084071155876858,0.9282511210762332,0.0166633125377339,0.9477681183426808,117766,24415,16,207,0.8284388078986545,0.0084071155876858,0.9282511210762332,0.0166633125377339,117766,24415,16,207
Q91.000,1.1002244877815248,0.8478273082216792,0.0094240358662335,0.9237668161434978,0.0186577302780545,0.9478145758944349,120528,21653,17,206,0.8478273082216792,0.0094240358662335,0.9237668161434978,0.0186577302780545,120528,21653,17,206
Q92.000,1.1634531593322754,0.8682410606443639,0.0107663077897403,0.9147982062780268,0.0212821449063689,0.9476529048759076,123437,18744,19,204,0.8682410606443639,0.0107663077897403,0.9147982062780268,0.0212821449063689,123437,18744,19,204
Q93.000,1.250135350227357,0.8911758096682677,0.0129464285714285,0.9103139013452914,0.0255297742564296,0.9475328185702032,126704,15477,20,203,0.8911758096682677,0.0129464285714285,0.9103139013452914,0.0255297742564296,126704,15477,20,203
Q94.000,1.3632511043548594,0.9132187298109604,0.0158008139813263,0.8878923766816144,0.0310490826407401,0.9475744979012573,129848,12333,25,198,0.9132187298109604,0.0158008139813263,0.8878923766816144,0.0310490826407401,129848,12333,25,198
Q95.000,1.5029648780822762,0.932031403612258,0.019609835399309,0.8654708520179372,0.0383507203179334,0.9476641171363616,132532,9649,30,193,0.932031403612258,0.019609835399309,0.8654708520179372,0.0383507203179334,132532,9649,30,193
Q96.000,1.6698637533187926,0.9463357770849132,0.0237514443445885,0.8295964125560538,0.04618072890664,0.9477082250020288,134577,7604,38,185,0.9463357770849132,0.0237514443445885,0.8295964125560538,0.04618072890664,134577,7604,38,185
Q97.000,1.952816026210785,0.960380326395326,0.0298455665452021,0.7713004484304933,0.0574674239893083,0.9473932409087727,136590,5591,51,172,0.960380326395326,0.0298455665452021,0.7713004484304933,0.0574674239893083,136590,5591,51,172
Q98.000,2.572920169830331,0.9738560714586668,0.0389884088514225,0.6636771300448431,0.073650161731774,0.9463544588825908,138533,3648,75,148,0.9738701160079772,0.0394944707740916,0.672645739910314,0.0746083063914449,138533,3648,73,150
Q99.000,4.342496109008796,0.9860678070840708,0.0568696527428283,0.5067264573991032,0.102262443438914,0.9457440609003308,140307,1874,110,113,0.9860888739080363,0.0582914572864321,0.5201793721973094,0.1048350655219159,140307,1874,107,116
Q99.100,4.706657453536999,0.9872475492261452,0.0597014925373134,0.484304932735426,0.1062992125984251,0.945908207762587,140480,1701,115,108,0.987268616050111,0.0612582781456953,0.4977578475336323,0.109090909090909,140480,1701,112,111
Q99.200,5.064342563629146,0.988188534029943,0.0618618618618618,0.4618834080717489,0.1091101694915254,0.9459110147701268,140619,1562,120,103,0.9882096008539086,0.0635491606714628,0.4753363228699551,0.1121099947117927,140619,1562,117,106
Q99.300,5.545552494049037,0.9892699643268448,0.062374245472837,0.4170403587443946,0.1085180863477246,0.945348272837222,140783,1398,130,93,0.9892910311508104,0.0642570281124498,0.4304932735426009,0.1118229470005824,140783,1398,127,96
Q99.400,6.145455215453945,0.9906322856099548,0.0663544106167057,0.3811659192825112,0.113031914893617,0.9453853474143346,140985,1196,138,85,0.9906533524339204,0.0685358255451713,0.3946188340807174,0.1167883211678832,140985,1196,135,88
Q99.500,6.844173007011332,0.9919594955197888,0.0659133709981167,0.3139013452914798,0.1089494163424124,0.944407499529353,141189,992,153,70,0.9919805623437544,0.0685446009389671,0.3273542600896861,0.1133540372670807,141189,992,150,73
Q99.600,7.78644630432127,0.993090081739277,0.0671217292377702,0.2645739910313901,0.1070780399274047,0.9444853387946136,141361,820,164,59,0.9931111485632426,0.0702947845804988,0.2780269058295964,0.1122171945701357,141361,820,161,62
Q99.700,9.360205757141092,0.9943049352546276,0.0763688760806916,0.2376681614349775,0.1155943293347873,0.9451563082148526,141540,641,170,53,0.9943260020785932,0.0803443328550932,0.2511210762331838,0.1217391304347826,141540,641,167,56
Q99.800,11.575624816894358,0.9953442319035982,0.0801526717557251,0.1883408071748878,0.1124497991967871,0.9458102778928004,141699,482,181,42,0.9953582764529086,0.0836501901140684,0.1973094170403587,0.1174899866488651,141699,482,179,44
Q99.900,16.843642013549648,0.9967697536586052,0.121405750798722,0.1704035874439461,0.1417910447761194,0.9464240348222848,141906,275,185,38,0.9967908204825708,0.1297468354430379,0.1838565022421524,0.1521335807050092,141906,275,182,41
Q99.910,17.459129741668637,0.9968399764051572,0.1254125412541254,0.1704035874439461,0.1444866920152091,0.9464687261670472,141916,265,185,38,0.9968610432291228,0.1339869281045751,0.1838565022421524,0.1550094517958412,141916,265,182,41
Q99.920,18.320219812011658,0.9970155332715374,0.1366906474820144,0.1704035874439461,0.1516966067864271,0.94644914019309,141941,240,185,38,0.997036600095503,0.1459074733096085,0.1838565022421524,0.1626984126984127,141941,240,182,41
Q99.930,20.458319673537737,0.9972262015111936,0.1475409836065573,0.1614349775784753,0.1541755888650963,0.9466754354638532,141973,208,187,36,0.9972542906098144,0.1612903225806451,0.179372197309417,0.1698513800424628,141973,208,183,40
Q99.940,22.103023851776,0.997310468807056,0.1460176991150442,0.147982062780269,0.1469933184855234,0.947636504382417,141988,193,190,33,0.9973245133563664,0.1535087719298245,0.1569506726457399,0.155210643015521,141988,193,188,35
Q99.950,25.22818045043937,0.9975632706946436,0.1702127659574468,0.1434977578475336,0.1557177615571776,0.9470616986249732,142025,156,191,32,0.9975773152439538,0.1789473684210526,0.1524663677130044,0.1646489104116222,142025,156,189,34
Q99.960,27.327824279785105,0.9976545602651612,0.1828571428571428,0.1434977578475336,0.1608040201005025,0.946873124489239,142038,143,191,32,0.9976686048144716,0.192090395480226,0.1524663677130044,0.1699999999999999,142038,143,189,34
Q99.970,31.28913082923852,0.9978301171315412,0.2054794520547945,0.1345291479820627,0.1626016260162601,0.9475058208347642,142065,116,193,30,0.9978371394061964,0.2108843537414966,0.1390134529147982,0.1675675675675675,142065,116,192,31
Q99.980,39.12325698242181,0.9979846071739558,0.2288135593220339,0.1210762331838565,0.158357771260997,0.9477996262138296,142090,91,196,27,0.9980056739979214,0.2479338842975206,0.1345291479820627,0.1744186046511628,142090,91,193,30
Q99.990,44.7547422355651,0.9980758967444736,0.2475247524752475,0.1121076233183856,0.154320987654321,0.9469602836503196,142105,76,198,25,0.9981039858430945,0.2761904761904762,0.1300448430493273,0.1768292682926829,142105,76,194,29
Q100.000,123.56021118059842,0.9982584758855088,0.1212121212121212,0.0179372197309417,0.03125,0.9510571426940392,142152,29,219,4,0.9982935872587848,0.2368421052631578,0.0403587443946188,0.0689655172413793,142152,29,214,9
Q_off_f1_best,22.099267959594727,0.997310468807056,0.1460176991150442,0.147982062780269,0.1469933184855234,0.947636504382417,141988,193,190,33,0.9973245133563664,0.1535087719298245,0.1569506726457399,0.155210643015521,141988,193,188,35
