,tau,Accuracy,Precision,Recall,F1,tn,fp,fn,tp,Accuracy_PA,Precision_PA,Recall_PA,F1_PA,tn_PA,fp_PA,fn_PA,tp_PA
90.0,1.038584399223328,0.7926532962557231,0.0070318282753515,0.937219730941704,0.0139589246952746,112668.0,29513.0,14.0,209.0,0.7926532962557231,0.0070318282753515,0.937219730941704,0.0139589246952746,112668.0,29513.0,14.0,209.0
91.0,1.0918613159656525,0.8186286902053314,0.0078422327297889,0.9147982062780268,0.0155511510901051,116372.0,25809.0,19.0,204.0,0.8186286902053314,0.0078422327297889,0.9147982062780268,0.0155511510901051,116372.0,25809.0,19.0,204.0
92.0,1.154291524887085,0.8447445296480436,0.009062359802602,0.905829596412556,0.0179451872251588,120093.0,22088.0,21.0,202.0,0.8447445296480436,0.009062359802602,0.905829596412556,0.0179451872251588,120093.0,22088.0,21.0,202.0
93.0,1.242276594638825,0.8729600292126626,0.0109481059776658,0.8968609865470852,0.0216321453680168,124113.0,18068.0,23.0,200.0,0.8729600292126626,0.0109481059776658,0.8968609865470852,0.0216321453680168,124113.0,18068.0,23.0,200.0
94.0,1.3567318797111532,0.900747170023314,0.013635410111181,0.874439461883408,0.0268521068576149,128075.0,14106.0,28.0,195.0,0.900747170023314,0.013635410111181,0.874439461883408,0.0268521068576149,128075.0,14106.0,28.0,195.0
95.0,1.4990147054195406,0.9243911687873936,0.0173928963749542,0.852017937219731,0.0340898896564097,131447.0,10734.0,33.0,190.0,0.9243911687873936,0.0173928963749542,0.852017937219731,0.0340898896564097,131447.0,10734.0,33.0,190.0
96.0,1.669667196273804,0.9420873009185136,0.0214694656488549,0.8071748878923767,0.0418264203555245,133977.0,8204.0,43.0,180.0,0.9420873009185136,0.0214694656488549,0.8071748878923767,0.0418264203555245,133977.0,8204.0,43.0,180.0
97.0,1.962521271705637,0.9586036909075588,0.0273333333333333,0.7354260089686099,0.0527076972521292,136345.0,5836.0,59.0,164.0,0.9586036909075588,0.0273333333333333,0.7354260089686099,0.0527076972521292,136345.0,5836.0,59.0,164.0
98.0,2.6369021415710607,0.9748321676357404,0.0371798402643899,0.6053811659192825,0.0700570835495589,138685.0,3496.0,88.0,135.0,0.9748321676357404,0.0371798402643899,0.6053811659192825,0.0700570835495589,138685.0,3496.0,88.0,135.0
99.0,4.433309950828545,0.9868262127468328,0.0573111944295661,0.4798206278026906,0.1023923444976076,140421.0,1760.0,116.0,107.0,0.9868543018454538,0.0593265633351149,0.4977578475336323,0.1060171919770773,140421.0,1760.0,112.0,111.0
99.1,4.81312185716629,0.987886576219769,0.0592723004694835,0.452914798206278,0.1048261546445251,140578.0,1603.0,122.0,101.0,0.98791466531839,0.0614754098360655,0.4708520179372197,0.1087519419989642,140578.0,1603.0,118.0,105.0
99.2,5.247851840972905,0.988975028791326,0.0595160235448005,0.4080717488789238,0.1038812785388128,140743.0,1438.0,132.0,91.0,0.9890031178899468,0.0619699934768427,0.4260089686098655,0.1082004555808655,140743.0,1438.0,128.0,95.0
99.3,5.68609244823457,0.9899370804190892,0.0615942028985507,0.3811659192825112,0.1060511540860885,140886.0,1295.0,138.0,85.0,0.9899651695177102,0.0643063583815028,0.3991031390134529,0.1107654013690105,140886.0,1295.0,134.0,89.0
99.4,6.287229420661957,0.9911238448358192,0.0644351464435146,0.3452914798206278,0.1086036671368124,141063.0,1118.0,146.0,77.0,0.99115193393444,0.067556296914095,0.3632286995515695,0.1139240506329113,141063.0,1118.0,142.0,81.0
99.5,7.039016718864575,0.9923457206258252,0.0677966101694915,0.3049327354260089,0.1109298531810766,141246.0,935.0,155.0,68.0,0.992373809724446,0.0714995034756703,0.3228699551569506,0.1170731707317073,141246.0,935.0,151.0,72.0
99.6,8.144824012756082,0.993567596415831,0.0695652173913043,0.2511210762331838,0.1089494163424124,141432.0,749.0,167.0,56.0,0.993595685514452,0.0741656365883807,0.2690582959641255,0.1162790697674418,141432.0,749.0,163.0,60.0
99.7,9.424711258888214,0.994318979803938,0.0665680473372781,0.2017937219730941,0.100111234705228,141550.0,631.0,178.0,45.0,0.994354091177214,0.0734214390602055,0.2242152466367713,0.1106194690265486,141550.0,631.0,173.0,50.0
99.8,11.96759842491138,0.9955549001432544,0.0833333333333333,0.1838565022421524,0.1146853146853146,141730.0,451.0,182.0,41.0,0.9955900115165304,0.0925553319919517,0.2062780269058296,0.1277777777777778,141730.0,451.0,177.0,46.0
99.9,17.041244380950815,0.9967416645599844,0.1150159744408945,0.1614349775784753,0.1343283582089552,141904.0,277.0,187.0,36.0,0.9967837982079156,0.1316614420062695,0.1883408071748878,0.1549815498154981,141904.0,277.0,181.0,42.0
99.91,18.50991137790697,0.99693828825033,0.1127272727272727,0.1390134529147982,0.1244979919678715,141937.0,244.0,192.0,31.0,0.9969874441729164,0.1347517730496454,0.1704035874439461,0.1504950495049504,141937.0,244.0,185.0,38.0
99.92,19.78015595550711,0.9970927782927446,0.1195219123505976,0.1345291479820627,0.1265822784810126,141960.0,221.0,193.0,30.0,0.9971489564899862,0.1467181467181467,0.1704035874439461,0.1576763485477178,141960.0,221.0,185.0,38.0
99.93,22.06440648669604,0.9972964242577456,0.1318181818181818,0.1300448430493273,0.1309255079006772,141990.0,191.0,194.0,29.0,0.9973385579056768,0.1548672566371681,0.1569506726457399,0.1559020044543429,141990.0,191.0,188.0,35.0
99.94,24.33091022300686,0.9974579365748152,0.1398963730569948,0.1210762331838565,0.1298076923076923,142015.0,166.0,196.0,27.0,0.9974790033987808,0.1530612244897959,0.1345291479820627,0.1431980906921241,142015.0,166.0,193.0,30.0
99.95,26.231653756141377,0.9976124266172298,0.1538461538461538,0.116591928251121,0.1326530612244898,142038.0,143.0,197.0,26.0,0.9976334934411956,0.1686046511627907,0.1300448430493273,0.1468354430379746,142038.0,143.0,194.0,29.0
99.96,29.02557089004583,0.9977318052863684,0.1621621621621621,0.1076233183856502,0.1293800539083558,142057.0,124.0,199.0,24.0,0.9977598943849892,0.1842105263157894,0.1255605381165919,0.1493333333333333,142057.0,124.0,195.0,28.0
99.97,32.473139742651725,0.9978862953287828,0.1854838709677419,0.1031390134529148,0.132564841498559,142080.0,101.0,200.0,23.0,0.997921406702059,0.2170542635658914,0.1255605381165919,0.1590909090909091,142080.0,101.0,195.0,28.0
99.98,39.384716268156005,0.997991629448611,0.205607476635514,0.0986547085201793,0.1333333333333333,142096.0,85.0,201.0,22.0,0.9980337630965422,0.247787610619469,0.1255605381165919,0.1666666666666666,142096.0,85.0,195.0,28.0
99.99,45.01814834403662,0.9980969635684392,0.2391304347826087,0.0986547085201793,0.1396825396825396,142111.0,70.0,201.0,22.0,0.9981390972163704,0.2857142857142857,0.1255605381165919,0.1744548286604361,142111.0,70.0,195.0,28.0
100.0,120.3794631950742,0.998265498160164,0.0,0.0,0.0,142157.0,24.0,223.0,0.0,0.998265498160164,0.0,0.0,0.0,142157.0,24.0,223.0,0.0
Qbest,43.36020660400391,0.9980618521951632,0.2268041237113402,0.0986547085201793,0.1374999999999999,142106.0,75.0,201.0,22.0,0.9981039858430945,0.2718446601941747,0.1255605381165919,0.1717791411042944,142106.0,75.0,195.0,28.0
