,tau,Accuracy,Precision,Recall,F1,ROC_AUC,tn,fp,fn,tp,Accuracy_PA,Precision_PA,Recall_PA,F1_PA,tn_PA,fp_PA,fn_PA,tp_PA
Q90.000,1.049733114242554,0.7894651835622595,0.0068606655176985,0.9282511210762332,0.0136206612929758,,112216,29965,16,207,0.7894651835622595,0.0068606655176985,0.9282511210762332,0.0136206612929758,112216,29965,16,207
Q91.000,1.1002244877815248,0.8152650206454874,0.0077004378680356,0.9147982062780268,0.0152723189219539,,115893,26288,19,204,0.8152650206454874,0.0077004378680356,0.9147982062780268,0.0152723189219539,115893,26288,19,204
Q92.000,1.1634531593322754,0.8415283278559591,0.0088367185439198,0.9013452914798208,0.0175018503199965,,119636,22545,22,201,0.8415283278559591,0.0088367185439198,0.9013452914798208,0.0175018503199965,119636,22545,22,201
Q93.000,1.250135350227357,0.8706145894778237,0.0107515320933232,0.8968609865470852,0.0212483399734395,,123779,18402,23,200,0.8706145894778237,0.0107515320933232,0.8968609865470852,0.0212483399734395,123779,18402,23,200
Q94.000,1.3632511043548594,0.8984508862110615,0.013530135301353,0.8878923766816144,0.0266541024432927,,127745,14436,25,198,0.8984508862110615,0.013530135301353,0.8878923766816144,0.0266541024432927,127745,14436,25,198
Q95.000,1.5029648780822762,0.922326620038763,0.0171092496881126,0.8609865470852018,0.0335517693315858,,131151,11030,31,192,0.922326620038763,0.0171092496881126,0.8609865470852018,0.0335517693315858,131151,11030,31,192
Q96.000,1.6698637533187926,0.940366843627988,0.0211928199189345,0.820627802690583,0.0413185820727026,,133729,8452,40,183,0.940366843627988,0.0211928199189345,0.820627802690583,0.0413185820727026,133729,8452,40,183
Q97.000,1.952816026210785,0.957557371983933,0.0268249065192651,0.7399103139013453,0.0517728271101349,,136195,5986,58,165,0.957557371983933,0.0268249065192651,0.7399103139013453,0.0517728271101349,136195,5986,58,165
Q98.000,2.572920169830331,0.9738420269093564,0.0377507919746568,0.6412556053811659,0.0713039142358514,,138536,3645,80,143,0.9738490491840116,0.0380047505938242,0.6457399103139013,0.0717846460618145,138536,3645,79,144
Q99.000,4.342496109008796,0.986833235021488,0.0587606837606837,0.4932735426008968,0.1050119331742243,,140419,1762,113,110,0.9868543018454538,0.0602666666666666,0.5067264573991032,0.107721639656816,140419,1762,110,113
Q99.100,4.706657453536999,0.9879778657902868,0.0612846199175014,0.4663677130044843,0.1083333333333333,,140588,1593,119,104,0.9879989326142524,0.0629411764705882,0.4798206278026906,0.1112844513780551,140588,1593,116,107
Q99.200,5.064342563629146,0.9887503160023596,0.0605481198215423,0.4260089686098655,0.1060267857142857,,140707,1474,128,95,0.9887784051009804,0.0629370629370629,0.4439461883408072,0.1102449888641425,140707,1474,124,99
Q99.300,5.545552494049037,0.9898457908485716,0.0616487455197132,0.3856502242152466,0.1063040791100123,,140872,1309,137,86,0.9898738799471924,0.0643316654753395,0.4035874439461883,0.1109741060419235,140872,1309,133,90
Q99.400,6.145455215453945,0.9909904216173704,0.0662847790507365,0.3632286995515695,0.1121107266435986,,141040,1141,142,81,0.9910185107159912,0.0693311582381729,0.3811659192825112,0.1173222912353347,141040,1141,138,85
Q99.500,6.844173007011332,0.9921210078368584,0.0631681243926141,0.2914798206278027,0.1038338658146964,,141217,964,158,65,0.9921490969354794,0.0667957405614714,0.3094170403587444,0.1098726114649681,141217,964,154,69
Q99.600,7.78644630432127,0.9931743490351396,0.0630105017502917,0.242152466367713,0.1,,141378,803,169,54,0.9932024381337604,0.0673635307781649,0.2600896860986547,0.1070110701107011,141378,803,165,58
Q99.700,9.360205757141092,0.9944102693744558,0.0704647676161919,0.210762331838565,0.1056179775280898,,141561,620,176,47,0.9944453807477318,0.0773809523809523,0.2331838565022421,0.1162011173184357,141561,620,171,52
Q99.800,11.575624816894358,0.9954846773967024,0.0748987854251012,0.1659192825112107,0.103207810320781,,141724,457,186,37,0.9955197887699784,0.0841683366733467,0.1883408071748878,0.1163434903047091,141724,457,181,42
Q99.900,16.843642013549648,0.996832954130502,0.1122448979591836,0.147982062780269,0.1276595744680851,,141920,261,190,33,0.9968750877784333,0.13,0.1748878923766816,0.1491395793499044,141920,261,184,39
Q99.910,17.459129741668637,0.9969242437010196,0.1146953405017921,0.1434977578475336,0.1274900398406374,,141934,247,191,32,0.9969663773489508,0.1333333333333333,0.1704035874439461,0.1496062992125984,141934,247,185,38
Q99.920,18.320219812011658,0.9970155332715374,0.1203007518796992,0.1434977578475336,0.130879345603272,,141947,234,191,32,0.9970576669194684,0.1397058823529411,0.1704035874439461,0.1535353535353535,141947,234,185,38
Q99.930,20.458319673537737,0.997240246060504,0.1367521367521367,0.1434977578475336,0.1400437636761488,,141979,202,191,32,0.9972823797084353,0.1583333333333333,0.1704035874439461,0.1641468682505399,141979,202,185,38
Q99.940,22.103023851776,0.9973736692789528,0.1455399061032863,0.1390134529147982,0.1422018348623853,,141999,182,192,31,0.997415802926884,0.1689497716894977,0.1659192825112107,0.167420814479638,141999,182,186,37
Q99.950,25.22818045043937,0.9976054043425746,0.160919540229885,0.1255605381165919,0.1410579345088161,,142035,146,195,28,0.9976264711665402,0.1751412429378531,0.1390134529147982,0.155,142035,146,192,31
Q99.960,27.327824279785105,0.997682649363782,0.1635220125786163,0.116591928251121,0.1361256544502618,,142048,133,197,26,0.9977107384624028,0.1840490797546012,0.1345291479820627,0.155440414507772,142048,133,193,30
Q99.970,31.28913082923852,0.9978020280329204,0.1538461538461538,0.0896860986547085,0.1133144475920679,,142071,110,203,20,0.9978301171315412,0.1791044776119403,0.1076233183856502,0.134453781512605,142071,110,199,24
Q99.980,39.12325698242181,0.99796354034999,0.1683168316831683,0.0762331838565022,0.1049382716049382,,142097,84,206,17,0.9979705626246452,0.1764705882352941,0.0807174887892376,0.1107692307692307,142097,84,205,18
Q99.990,44.7547422355651,0.998026740821887,0.1777777777777777,0.0717488789237668,0.1022364217252396,,142107,74,207,16,0.9980337630965422,0.1868131868131868,0.0762331838565022,0.10828025477707,142107,74,206,17
Q100.000,123.56021118059842,0.9982795427094744,0.0,0.0,0.0,,142159,22,223,0,0.9982795427094744,0.0,0.0,0.0,142159,22,223,0
Q_off_f1_best,22.099267959594727,0.997380691553608,0.1495327102803738,0.1434977578475336,0.1464530892448512,0.945501475524014,141999,182,191,32,0.9974228252015392,0.1727272727272727,0.1704035874439461,0.1715575620767494,141999,182,185,38
