,tau,Accuracy,Precision,Recall,F1,tn,fp,fn,tp,Accuracy_PA,Precision_PA,Recall_PA,F1_PA,tn_PA,fp_PA,fn_PA,tp_PA
90.0,1.038584399223328,0.7865509395803488,0.0068643153662602,0.9417040358744396,0.0136292834890965,111798.0,30383.0,13.0,210.0,0.7865509395803488,0.0068643153662602,0.9417040358744396,0.0136292834890965,111798.0,30383.0,13.0,210.0
91.0,1.0918613159656525,0.8128212690654757,0.0076372848520974,0.9192825112107624,0.0151487160539442,115544.0,26637.0,18.0,205.0,0.8128212690654757,0.0076372848520974,0.9192825112107624,0.0151487160539442,115544.0,26637.0,18.0,205.0
92.0,1.154291524887085,0.8393303558888795,0.0087593773036728,0.905829596412556,0.0173509706236041,119322.0,22859.0,21.0,202.0,0.8393303558888795,0.0087593773036728,0.905829596412556,0.0173509706236041,119322.0,22859.0,21.0,202.0
93.0,1.242276594638825,0.868479817982641,0.0106821787414066,0.905829596412556,0.0211153504416453,123473.0,18708.0,21.0,202.0,0.868479817982641,0.0106821787414066,0.905829596412556,0.0211153504416453,123473.0,18708.0,21.0,202.0
94.0,1.3567318797111532,0.8971026094772618,0.0132235865605181,0.8789237668161435,0.0260551678298438,127555.0,14626.0,27.0,196.0,0.8971026094772618,0.0132235865605181,0.8789237668161435,0.0260551678298438,127555.0,14626.0,27.0,196.0
95.0,1.4990147054195406,0.9214488357068622,0.016750418760469,0.852017937219731,0.0328549195919073,131028.0,11153.0,33.0,190.0,0.9214488357068622,0.016750418760469,0.852017937219731,0.0328549195919073,131028.0,11153.0,33.0,190.0
96.0,1.669667196273804,0.9403387545293672,0.0210721315271506,0.8161434977578476,0.0410835214446952,133726.0,8455.0,41.0,182.0,0.9403387545293672,0.0210721315271506,0.8161434977578476,0.0410835214446952,133726.0,8455.0,41.0,182.0
97.0,1.962521271705637,0.957690795202382,0.0269080234833659,0.7399103139013453,0.051927616050354,136214.0,5967.0,58.0,165.0,0.957690795202382,0.0269080234833659,0.7399103139013453,0.051927616050354,136214.0,5967.0,58.0,165.0
98.0,2.6369021415710607,0.9745653211988428,0.0375510204081632,0.6188340807174888,0.0708055413032324,138644.0,3537.0,85.0,138.0,0.9745653211988428,0.0375510204081632,0.6188340807174888,0.0708055413032324,138644.0,3537.0,85.0,138.0
99.0,4.433309950828545,0.9866998118030392,0.0567639257294429,0.4798206278026906,0.1015180265654649,140403.0,1778.0,116.0,107.0,0.98672790090166,0.0587612493382742,0.4977578475336323,0.1051136363636363,140403.0,1778.0,112.0,111.0
99.1,4.81312185716629,0.9878163534732172,0.0594405594405594,0.4573991031390134,0.1052088705518308,140567.0,1614.0,121.0,102.0,0.9878514648464932,0.062173155142359,0.4798206278026906,0.1100823045267489,140567.0,1614.0,116.0,107.0
99.2,5.247851840972905,0.9889258728687396,0.059817945383615,0.4125560538116592,0.1044860874503123,140735.0,1446.0,131.0,92.0,0.9889539619673604,0.0622568093385214,0.4304932735426009,0.1087818696883852,140735.0,1446.0,127.0,96.0
99.3,5.68609244823457,0.9898738799471924,0.0611951043916486,0.3811659192825112,0.1054590570719603,140877.0,1304.0,138.0,85.0,0.9899019690458132,0.0638908829863603,0.3991031390134529,0.1101485148514851,140877.0,1304.0,134.0,89.0
99.4,6.287229420661957,0.9910536220892672,0.0639004149377593,0.3452914798206278,0.1078431372549019,141053.0,1128.0,146.0,77.0,0.991081711187888,0.0669975186104218,0.3632286995515695,0.1131284916201117,141053.0,1128.0,142.0,81.0
99.5,7.039016718864575,0.992303586977894,0.0673934588701684,0.3049327354260089,0.1103896103896103,141240.0,941.0,155.0,68.0,0.9923316760765148,0.0710760118460019,0.3228699551569506,0.116504854368932,141240.0,941.0,151.0,72.0
99.6,8.144824012756082,0.993532485042555,0.0691358024691358,0.2511210762331838,0.1084220716360116,141427.0,754.0,167.0,56.0,0.9935605741411758,0.0737100737100737,0.2690582959641255,0.1157184185149469,141427.0,754.0,163.0,60.0
99.7,9.424711258888214,0.9942979129799724,0.0675477239353891,0.2062780269058296,0.1017699115044247,141546.0,635.0,177.0,46.0,0.9943330243532486,0.0743440233236151,0.2286995515695067,0.1122112211221122,141546.0,635.0,172.0,51.0
99.8,11.96759842491138,0.9955619224179096,0.0851926977687626,0.1883408071748878,0.1173184357541899,141730.0,451.0,181.0,42.0,0.9955970337911856,0.0943775100401606,0.210762331838565,0.130374479889043,141730.0,451.0,176.0,47.0
99.9,17.041244380950815,0.9967416645599844,0.1174603174603174,0.1659192825112107,0.137546468401487,141903.0,278.0,186.0,37.0,0.9967697536586052,0.128526645768025,0.1838565022421524,0.1512915129151291,141903.0,278.0,182.0,41.0
99.91,18.50991137790697,0.9969453105249853,0.1159420289855072,0.1434977578475336,0.1282565130260521,141937.0,244.0,191.0,32.0,0.9969944664475716,0.1378091872791519,0.1748878923766816,0.1541501976284585,141937.0,244.0,184.0,39.0
99.92,19.78015595550711,0.9970927782927446,0.1225296442687747,0.1390134529147982,0.1302521008403361,141959.0,222.0,192.0,31.0,0.997141934215331,0.1461538461538461,0.1704035874439461,0.1573498964803313,141959.0,222.0,185.0,38.0
99.93,22.06440648669604,0.9972683351591248,0.1327433628318584,0.1345291479820627,0.1336302895322939,141985.0,196.0,193.0,30.0,0.9973034465324008,0.1515151515151515,0.1569506726457399,0.1541850220264317,141985.0,196.0,188.0,35.0
99.94,24.33091022300686,0.9974790033987808,0.1421052631578947,0.1210762331838565,0.1307506053268765,142018.0,163.0,196.0,27.0,0.9974930479480912,0.1510416666666666,0.1300448430493273,0.1397590361445782,142018.0,163.0,194.0,29.0
99.95,26.231653756141377,0.9976124266172298,0.1538461538461538,0.116591928251121,0.1326530612244898,142038.0,143.0,197.0,26.0,0.9976334934411956,0.1686046511627907,0.1300448430493273,0.1468354430379746,142038.0,143.0,194.0,29.0
99.96,29.02557089004583,0.9977318052863684,0.1710526315789473,0.116591928251121,0.1386666666666667,142055.0,126.0,197.0,26.0,0.997752872110334,0.1870967741935484,0.1300448430493273,0.1534391534391534,142055.0,126.0,194.0,29.0
99.97,32.473139742651725,0.9978792730541276,0.1937984496124031,0.1121076233183856,0.1420454545454545,142077.0,104.0,198.0,25.0,0.9979003398780932,0.2121212121212121,0.1255605381165919,0.1577464788732394,142077.0,104.0,195.0,28.0
99.98,39.384716268156005,0.9980197185472318,0.2293577981651376,0.1121076233183856,0.1506024096385542,142097.0,84.0,198.0,25.0,0.9980407853711974,0.25,0.1255605381165919,0.1671641791044776,142097.0,84.0,195.0,28.0
99.99,45.01814834403662,0.9980758967444736,0.2258064516129032,0.0941704035874439,0.1329113924050633,142109.0,72.0,202.0,21.0,0.9981180303924048,0.2727272727272727,0.1210762331838565,0.1677018633540372,142109.0,72.0,196.0,27.0
100.0,120.3794631950742,0.998265498160164,0.0,0.0,0.0,142157.0,24.0,223.0,0.0,0.998265498160164,0.0,0.0,0.0,142157.0,24.0,223.0,0.0
Qbest,43.36020660400391,0.9980688744698184,0.24,0.1076233183856502,0.1486068111455108,142105.0,76.0,199.0,24.0,0.9980969635684392,0.2692307692307692,0.1255605381165919,0.1712538226299694,142105.0,76.0,195.0,28.0
