,tau,Accuracy,Precision,Recall,F1,tn,fp,fn,tp,Accuracy_PA,Precision_PA,Recall_PA,F1_PA,tn_PA,fp_PA,fn_PA,tp_PA
80.0,1.1724920272827148,0.1284313725490196,0.0286343612334801,0.7878787878787878,0.055260361317747,105,882,7,26,0.1284313725490196,0.0286343612334801,0.7878787878787878,0.055260361317747,105,882,7,26
81.0,1.2377538263797772,0.1392156862745098,0.0289855072463768,0.7878787878787878,0.0559139784946236,116,871,7,26,0.1392156862745098,0.0289855072463768,0.7878787878787878,0.0559139784946236,116,871,7,26
82.0,1.2804364442825324,0.1470588235294117,0.0292463442069741,0.7878787878787878,0.0563991323210412,124,863,7,26,0.1470588235294117,0.0292463442069741,0.7878787878787878,0.0563991323210412,124,863,7,26
83.0,1.3559700191020967,0.1578431372549019,0.0296127562642369,0.7878787878787878,0.0570801317233809,135,852,7,26,0.1578431372549019,0.0296127562642369,0.7878787878787878,0.0570801317233809,135,852,7,26
84.0,1.4302009344100954,0.1705882352941176,0.030057803468208,0.7878787878787878,0.0579064587973274,148,839,7,26,0.1705882352941176,0.030057803468208,0.7878787878787878,0.0579064587973274,148,839,7,26
85.0,1.5245822370052364,0.188235294117647,0.0306965761511216,0.7878787878787878,0.059090909090909,166,821,7,26,0.188235294117647,0.0306965761511216,0.7878787878787878,0.059090909090909,166,821,7,26
86.0,1.6238023400306714,0.2068627450980392,0.0314009661835748,0.7878787878787878,0.0603948896631823,185,802,7,26,0.2068627450980392,0.0314009661835748,0.7878787878787878,0.0603948896631823,185,802,7,26
87.0,1.7300413727760318,0.2235294117647059,0.032059186189889,0.7878787878787878,0.0616113744075829,202,785,7,26,0.2235294117647059,0.032059186189889,0.7878787878787878,0.0616113744075829,202,785,7,26
88.0,1.882144665718079,0.2539215686274509,0.0333333333333333,0.7878787878787878,0.063960639606396,233,754,7,26,0.2539215686274509,0.0333333333333333,0.7878787878787878,0.063960639606396,233,754,7,26
89.0,2.096136426925665,0.2931372549019608,0.0351351351351351,0.7878787878787878,0.0672703751617076,273,714,7,26,0.2931372549019608,0.0351351351351351,0.7878787878787878,0.0672703751617076,273,714,7,26
90.0,2.4751029014587447,0.3754901960784313,0.0396341463414634,0.7878787878787878,0.0754716981132075,357,630,7,26,0.3754901960784313,0.0396341463414634,0.7878787878787878,0.0754716981132075,357,630,7,26
91.0,2.7237778902053864,0.4401960784313725,0.0440677966101694,0.7878787878787878,0.0834670947030497,423,564,7,26,0.4401960784313725,0.0440677966101694,0.7878787878787878,0.0834670947030497,423,564,7,26
92.0,2.9061412334442207,0.4764705882352941,0.0437158469945355,0.7272727272727273,0.0824742268041237,462,525,9,24,0.4784313725490196,0.0471869328493647,0.7878787878787878,0.0890410958904109,462,525,7,26
93.0,3.1677827596664514,0.5107843137254902,0.046692607003891,0.7272727272727273,0.0877513711151736,497,490,9,24,0.5127450980392156,0.0503875968992248,0.7878787878787878,0.0947176684881603,497,490,7,26
94.0,3.449003982543952,0.55,0.050632911392405,0.7272727272727273,0.0946745562130177,537,450,9,24,0.5519607843137255,0.0546218487394958,0.7878787878787878,0.1021611001964636,537,450,7,26
95.0,3.8397278189659407,0.6127450980392157,0.0563725490196078,0.696969696969697,0.1043083900226757,602,385,10,23,0.615686274509804,0.0632603406326034,0.7878787878787878,0.1171171171171171,602,385,7,26
96.0,5.02883243560791,0.7705882352941177,0.0829875518672199,0.6060606060606061,0.145985401459854,766,221,13,20,0.7764705882352941,0.1052631578947368,0.7878787878787878,0.1857142857142857,766,221,7,26
97.0,6.102208113670368,0.8627450980392157,0.1205673758865248,0.5151515151515151,0.1954022988505747,863,124,16,17,0.8715686274509804,0.1733333333333333,0.7878787878787878,0.2841530054644808,863,124,7,26
98.0,8.179357433319108,0.95,0.1785714285714285,0.1515151515151515,0.1639344262295081,964,23,28,5,0.9705882352941176,0.5306122448979592,0.7878787878787878,0.6341463414634148,964,23,7,26
99.0,12.26539282798768,0.9696078431372548,1.0,0.0606060606060606,0.1142857142857143,987,0,31,2,0.9696078431372548,1.0,0.0606060606060606,0.1142857142857143,987,0,31,2
100.0,12.927144050598145,0.9696078431372548,1.0,0.0606060606060606,0.1142857142857143,987,0,31,2,0.9696078431372548,1.0,0.0606060606060606,0.1142857142857143,987,0,31,2
